y_bar r2
9.999999999999999547e-07 2.539110847129134440e-06
3.403747905880405347e-03 8.642486619551416685e-03
6.806495811760810560e-03 1.728237150856099663e-02
1.020924371764121534e-02 2.592210203845615735e-02
1.361199162352162012e-02 3.456156763989375741e-02
1.701473952940202664e-02 4.320064369564222129e-02
2.041748743528243315e-02 5.183919409974702824e-02
2.382023534116283620e-02 6.047707288213668986e-02
2.722298324704324271e-02 6.911412536172711896e-02
3.062573115292364923e-02 7.775018902022190481e-02
3.402847905880405227e-02 8.638509419487463981e-02
3.743122696468445532e-02 9.501866464644997956e-02
4.083397487056486530e-02 1.036507180371743636e-01
4.423672277644526835e-02 1.122810663414808563e-01
4.763947068232567139e-02 1.209095162051801731e-01
5.104221858820608138e-02 1.295358692641637444e-01
5.444496649408648442e-02 1.381599224307692164e-01
5.784771439996688747e-02 1.467814681538994748e-01
6.125046230584729745e-02 1.554002946575607502e-01
6.465321021172769356e-02 1.640161861614567174e-01
6.805595811760810354e-02 1.726289230865116486e-01
7.145870602348851353e-02 1.812382822476305277e-01
7.486145392936890963e-02 1.898440370355652107e-01
7.826420183524931962e-02 1.984459575894200745e-01
8.166694974112972960e-02 2.070438109610638622e-01
8.506969764701012571e-02 2.156373612725043243e-01
8.847244555289053569e-02 2.242263698671124461e-01
9.187519345877094568e-02 2.328105954554444967e-01
9.527794136465134178e-02 2.413897942562974464e-01
9.868068927053175177e-02 2.499637201335416781e-01
1.020834371764121618e-01 2.585321247291927915e-01
1.054861850822925579e-01 2.670947575931245099e-01
1.088889329881729678e-01 2.756513663097650002e-01
1.122916808940533778e-01 2.842016966220758389e-01
1.156944287999337739e-01 2.927454925530688645e-01
1.190971767058141839e-01 3.012824965250846532e-01
1.224999246116945939e-01 3.098124494770287951e-01
1.259026725175750039e-01 3.183350909797283967e-01
1.293054204234553861e-01 3.268501593495587443e-01
1.327081683293357961e-01 3.353573917604640298e-01
1.361109162352162061e-01 3.438565243544794980e-01
1.395136641410966161e-01 3.523472923508516041e-01
1.429164120469770261e-01 3.608294301538325644e-01
1.463191599528574360e-01 3.693026714592207438e-01
1.497219078587378183e-01 3.777667493597025583e-01
1.531246557646182282e-01 3.862213964490448515e-01
1.565274036704986382e-01 3.946663449251792133e-01
1.599301515763790482e-01 4.031013266922072180e-01
1.633328994822594582e-01 4.115260734613592764e-01
1.667356473881398682e-01 4.199403168509172057e-01
1.701383952940202504e-01 4.283437884851277744e-01
1.735411431999006604e-01 4.367362200921039439e-01
1.769438911057810704e-01 4.451173436007309081e-01
1.803466390116614804e-01 4.534868912365712657e-01
1.837493869175418904e-01 4.618445956167706590e-01
1.871521348234223003e-01 4.701901898439604377e-01
1.905548827293026826e-01 4.785234075991460778e-01
1.939576306351830925e-01 4.868439832335756945e-01
1.973603785410635025e-01 4.951516518595731053e-01
2.007631264469439125e-01 5.034461494403255077e-01
2.041658743528243225e-01 5.117272128786052310e-01
2.075686222587047325e-01 5.199945801044133509e-01
2.109713701645851147e-01 5.282479901615216855e-01
2.143741180704655247e-01 5.364871832929015705e-01
2.177768659763459347e-01 5.447119010250083271e-01
2.211796138822263447e-01 5.529218862509083232e-01
2.245823617881067547e-01 5.611168833122281985e-01
2.279851096939871369e-01 5.692966380798921699e-01
2.313878575998675469e-01 5.774608980336423114e-01
2.347906055057479568e-01 5.856094123403023932e-01
2.381933534116283668e-01 5.937419319307718490e-01
2.415961013175087768e-01 6.018582095757272210e-01
2.449988492233891868e-01 6.099579999600006630e-01
2.484015971292695690e-01 6.180410597556198482e-01
2.518043450351499790e-01 6.261071476934856328e-01
2.552070929410303890e-01 6.341560246336603868e-01
2.586098408469107435e-01 6.421874536342508932e-01
2.620125887527911535e-01 6.502012000188621688e-01
2.654153366586715634e-01 6.581970314425998891e-01
2.688180845645519734e-01 6.661747179566036570e-01
2.722208324704323834e-01 6.741340320710900169e-01
2.756235803763127934e-01 6.820747488168854566e-01
2.790263282821932034e-01 6.899966458054357377e-01
2.824290761880736134e-01 6.978995032872651327e-01
2.858318240939540233e-01 7.057831042088803519e-01
2.892345719998344333e-01 7.136472342680942882e-01
2.926373199057148433e-01 7.214916819677605897e-01
2.960400678115952533e-01 7.293162386678984088e-01
2.994428157174756078e-01 7.371206986362055513e-01
3.028455636233560178e-01 7.449048590969377104e-01
3.062483115292364277e-01 7.526685202781433492e-01
3.096510594351168377e-01 7.604114854572572302e-01
3.130538073409972477e-01 7.681335610050258333e-01
3.164565552468776577e-01 7.758345564277704387e-01
3.198593031527580677e-01 7.835142844079728830e-01
3.232620510586384777e-01 7.911725608431876555e-01
3.266647989645188876e-01 7.988092048832640124e-01
3.300675468703992976e-01 8.064240389658874353e-01
3.334702947762797076e-01 8.140168888504278888e-01
3.368730426821600621e-01 8.215875836500992069e-01
3.402757905880404721e-01 8.291359558624319392e-01
3.436785384939208821e-01 8.366618413980517754e-01
3.470812863998012920e-01 8.441650796077783125e-01
3.504840343056817020e-01 8.516455133080366169e-01
3.538867822115621120e-01 8.591029888045923490e-01
3.572895301174425220e-01 8.665373559146156701e-01
3.606922780233229320e-01 8.739484679870764827e-01
3.640950259292033420e-01 8.813361819214851067e-01
3.674977738350837519e-01 8.887003581849799438e-01
3.709005217409641619e-01 8.960408608277807829e-01
3.743032696468445719e-01 9.033575574970145183e-01
3.777060175527249264e-01 9.106503194489138364e-01
3.811087654586053364e-01 9.179190215594272839e-01
3.845115133644857464e-01 9.251635423332316144e-01
3.879142612703661563e-01 9.323837639111690612e-01
3.913170091762465663e-01 9.395795720761297432e-01
3.947197570821269763e-01 9.467508562573839770e-01
3.981225049880073863e-01 9.538975095334077947e-01
4.015252528938877963e-01 9.610194286331722457e-01
4.049280007997682063e-01 9.681165139359709793e-01
4.083307487056486162e-01 9.751886694697792235e-01
4.117334966115290262e-01 9.822358029081407205e-01
4.151362445174094362e-01 9.892578255656595543e-01
4.185389924232897907e-01 9.962546523920653430e-01
4.219417403291702007e-01 1.003226201964917630e+00
4.253444882350506107e-01 1.010172396480938151e+00
4.287472361409310206e-01 1.017093161746006169e+00
4.321499840468114306e-01 1.023988427163871950e+00
4.355527319526918406e-01 1.030858125723546959e+00
4.389554798585722506e-01 1.037702193985468480e+00
4.423582277644526606e-01 1.044520572066421904e+00
4.457609756703330706e-01 1.051313203623241987e+00
4.491637235762134805e-01 1.058080035835368804e+00
4.525664714820938905e-01 1.064821019386217094e+00
4.559692193879742450e-01 1.071536108443446711e+00
4.593719672938546550e-01 1.078225260638122851e+00
4.627747151997350650e-01 1.084888437042822451e+00
4.661774631056154750e-01 1.091525602148687657e+00
4.695802110114958849e-01 1.098136723841476758e+00
4.729829589173762949e-01 1.104721773376645677e+00
4.763857068232567049e-01 1.111280725353444243e+00
4.797884547291371149e-01 1.117813557688132731e+00
4.831912026350175249e-01 1.124320251586275354e+00
4.865939505408979349e-01 1.130800791514172454e+00
4.899966984467783448e-01 1.137255165169485771e+00
4.933994463526587548e-01 1.143683363451016177e+00
4.968021942585391093e-01 1.150085380427745774e+00
5.002049421644195748e-01 1.156461213307118818e+00
5.036076900703000403e-01 1.162810862402588130e+00
5.070104379761803948e-01 1.169134331100517565e+00
5.104131858820608603e-01 1.175431625826401483e+00
5.138159337879412147e-01 1.181702756010430289e+00
5.172186816938215692e-01 1.187947734052527293e+00
5.206214295997020347e-01 1.194166575286747412e+00
5.240241775055823892e-01 1.200359297945165160e+00
5.274269254114628547e-01 1.206525923121248844e+00
5.308296733173432091e-01 1.212666474732754018e+00
5.342324212232236746e-01 1.218780979484144877e+00
5.376351691291040291e-01 1.224869466828583109e+00
5.410379170349844946e-01 1.230931968929570131e+00
5.444406649408648491e-01 1.236968520622124812e+00
5.478434128467453146e-01 1.242979159373682529e+00
5.512461607526256691e-01 1.248963925244650497e+00
5.546489086585060235e-01 1.254922860848675104e+00
5.580516565643864890e-01 1.260856011312628810e+00
5.614544044702668435e-01 1.266763424236335922e+00
5.648571523761473090e-01 1.272645149652150476e+00
5.682599002820276635e-01 1.278501239984229487e+00
5.716626481879081290e-01 1.284331750007740025e+00
5.750653960937884834e-01 1.290136736807867779e+00
5.784681439996689489e-01 1.295916259738692178e+00
5.818708919055493034e-01 1.301670380381978465e+00
5.852736398114297689e-01 1.307399162505920920e+00
5.886763877173101234e-01 1.313102672023753081e+00
5.920791356231905889e-01 1.318780976952407480e+00
5.954818835290709433e-01 1.324434147371078119e+00
5.988846314349512978e-01 1.330062255379882430e+00
6.022873793408317633e-01 1.335665375058455950e+00
6.056901272467121178e-01 1.341243582424652692e+00
6.090928751525925833e-01 1.346796955393285700e+00
6.124956230584729377e-01 1.352325573734965758e+00
6.158983709643534032e-01 1.357829519035030019e+00
6.193011188702337577e-01 1.363308874652543690e+00
6.227038667761142232e-01 1.368763725679565502e+00
6.261066146819945777e-01 1.374194158900426066e+00
6.295093625878750432e-01 1.379600262751228046e+00
6.329121104937553977e-01 1.384982127279559272e+00
6.363148583996357521e-01 1.390339844104358624e+00
6.397176063055162176e-01 1.395673506376002848e+00
6.431203542113965721e-01 1.400983208736635621e+00
6.465231021172770376e-01 1.406269047280738871e+00
6.499258500231573921e-01 1.411531119515946342e+00
6.533285979290378576e-01 1.416769524324103191e+00
6.567313458349182120e-01 1.421984361922633111e+00
6.601340937407986775e-01 1.427175733826192561e+00
6.635368416466790320e-01 1.432343742808605214e+00
6.669395895525594975e-01 1.437488492865138134e+00
6.703423374584398520e-01 1.442610089175032417e+00
6.737450853643202064e-01 1.447708638064471254e+00
6.771478332702006719e-01 1.452784246969803128e+00
6.805505811760810264e-01 1.457837024401104742e+00
6.839533290819614919e-01 1.462867079906195134e+00
6.873560769878418464e-01 1.467874524034896044e+00
6.907588248937223119e-01 1.472859468303763908e+00
6.941615727996026664e-01 1.477822025161122710e+00
6.975643207054831318e-01 1.482762307952577574e+00
7.009670686113634863e-01 1.487680430886773264e+00
7.043698165172439518e-01 1.492576509001734442e+00
7.077725644231243063e-01 1.497450658131440182e+00
7.111753123290047718e-01 1.502302994872922515e+00
7.145780602348851263e-01 1.507133636553716682e+00
7.179808081407654807e-01 1.511942701199786132e+00
7.213835560466459462e-01 1.516730307503788566e+00
7.247863039525263007e-01 1.521496574793802514e+00
7.281890518584067662e-01 1.526241623002553727e+00
7.315917997642871207e-01 1.530965572636942662e+00
7.349945476701675862e-01 1.535668544748150843e+00
7.383972955760479406e-01 1.540350660902015445e+00
7.418000434819284061e-01 1.545012043149972536e+00
7.452027913878087606e-01 1.549652814000412437e+00
7.486055392936892261e-01 1.554273096390467401e+00
7.520082871995695806e-01 1.558873013658220730e+00
7.554110351054499350e-01 1.563452689515399507e+00
7.588137830113304005e-01 1.568012248020427934e+00
7.622165309172107550e-01 1.572551813552039990e+00
7.656192788230912205e-01 1.577071510783293107e+00
7.690220267289715750e-01 1.581571464655978643e+00
7.724247746348520405e-01 1.586051800355561703e+00
7.758275225407323950e-01 1.590512643286372096e+00
7.792302704466128604e-01 1.594954119047560459e+00
7.826330183524932149e-01 1.599376353409202034e+00
7.860357662583736804e-01 1.603779472289021513e+00
7.894385141642540349e-01 1.608163601729355019e+00
7.928412620701343894e-01 1.612528867874792660e+00
7.962440099760148549e-01 1.616875396950177679e+00
7.996467578818952093e-01 1.621203315238840981e+00
8.030495057877756748e-01 1.625512749061562401e+00
8.064522536936560293e-01 1.629803824755714281e+00
8.098550015995364948e-01 1.634076668655045861e+00
8.132577495054168493e-01 1.638331407069692380e+00
8.166604974112973148e-01 1.642568166266744845e+00
8.200632453171776692e-01 1.646787072451137313e+00
8.234659932230581347e-01 1.650988251747045776e+00
8.268687411289384892e-01 1.655171830179533066e+00
8.302714890348189547e-01 1.659337933656849673e+00
8.336742369406993092e-01 1.663486687952917320e+00
8.370769848465796636e-01 1.667618218690292142e+00
8.404797327524601291e-01 1.671732651323530217e+00
8.438824806583404836e-01 1.675830111122957211e+00
8.472852285642209491e-01 1.679910723158781538e+00
8.506879764701013036e-01 1.683974612285604078e+00
8.540907243759817691e-01 1.688021903127393974e+00
8.574934722818621236e-01 1.692052720062601656e+00
8.608962201877425890e-01 1.696067187209999272e+00
8.642989680936229435e-01 1.700065428414569313e+00
8.677017159995034090e-01 1.704047567233980542e+00
8.711044639053837635e-01 1.708013726925198705e+00
8.745072118112641180e-01 1.711964030431651906e+00
8.779099597171445835e-01 1.715898600370664662e+00
8.813127076230249379e-01 1.719817559021286968e+00
8.847154555289054034e-01 1.723721028312357184e+00
8.881182034347857579e-01 1.727609129810936617e+00
8.915209513406662234e-01 1.731481984711214395e+00
8.949236992465465779e-01 1.735339713823535801e+00
8.983264471524270434e-01 1.739182437563889794e+00
9.017291950583073978e-01 1.743010275943672305e+00
9.051319429641878633e-01 1.746823348559746636e+00
9.085346908700682178e-01 1.750621774584785850e+00
9.119374387759485723e-01 1.754405672758017509e+00
9.153401866818290378e-01 1.758175161376318130e+00
9.187429345877093922e-01 1.761930358285232590e+00
9.221456824935898577e-01 1.765671380870713403e+00
9.255484303994702122e-01 1.769398346050988557e+00
9.289511783053506777e-01 1.773111370268678932e+00
9.323539262112310322e-01 1.776810569483145752e+00
9.357566741171114977e-01 1.780496059163303890e+00
9.391594220229918522e-01 1.784167954280397650e+00
9.425621699288723176e-01 1.787826369301392271e+00
9.459649178347526721e-01 1.791471418182325914e+00
9.493676657406331376e-01 1.795103214362097521e+00
9.527704136465134921e-01 1.798721870756432084e+00
9.561731615523938466e-01 1.802327499752060413e+00
9.595759094582743121e-01 1.805920213201177571e+00
9.629786573641546665e-01 1.809500122416213053e+00
9.663814052700351320e-01 1.813067338164684239e+00
9.697841531759154865e-01 1.816621970664315411e+00
9.731869010817959520e-01 1.820164129578520695e+00
9.765896489876763065e-01 1.823693924011817735e+00
9.799923968935567720e-01 1.827211462505841766e+00
9.833951447994371264e-01 1.830716853035238678e+00
9.867978927053175919e-01 1.834210203003870276e+00
9.902006406111979464e-01 1.837691619241202501e+00
9.936033885170783009e-01 1.841161207999036042e+00
9.970061364229587664e-01 1.844619074948243398e+00
1.000408884328839010e+00 1.848065325175756612e+00
1.003811632234719475e+00 1.851500063181729105e+00
1.007214380140599941e+00 1.854923392876945076e+00
1.010617128046480184e+00 1.858335417580378568e+00
1.014019875952360650e+00 1.861736240016764299e+00
1.017422623858241115e+00 1.865125962314615693e+00
1.020825371764121581e+00 1.868504686004240023e+00
1.024228119670001824e+00 1.871872512015901435e+00
1.027630867575882290e+00 1.875229540678212237e+00
1.031033615481762755e+00 1.878575871716626544e+00
1.034436363387642999e+00 1.881911604252118897e+00
1.037839111293523464e+00 1.885236836800054716e+00
1.041241859199403930e+00 1.888551667269032341e+00
1.044644607105284395e+00 1.891856192960066130e+00
1.048047355011164639e+00 1.895150510565855040e+00
1.051450102917045104e+00 1.898434716169997705e+00
1.054852850822925570e+00 1.901708905246688452e+00
1.058255598728806035e+00 1.904973172660124892e+00
1.061658346634686279e+00 1.908227612664486150e+00
1.065061094540566744e+00 1.911472318903621792e+00
1.068463842446447210e+00 1.914707384411110658e+00
1.071866590352327453e+00 1.917932901610409191e+00
1.075269338258207918e+00 1.921148962314915387e+00
1.078672086164088384e+00 1.924355657728462177e+00
1.082074834069968849e+00 1.927553078445626733e+00
1.085477581975849093e+00 1.930741314452270263e+00
1.088880329881729558e+00 1.933920455126219684e+00
1.092283077787610024e+00 1.937090589238024352e+00
1.095685825693490489e+00 1.940251804951578229e+00
1.099088573599370733e+00 1.943404189825306716e+00
1.102491321505251198e+00 1.946547830812872304e+00
1.105894069411131664e+00 1.949682814264549702e+00
1.109296817317011907e+00 1.952809225928220149e+00
1.112699565222892373e+00 1.955927150950603099e+00
1.116102313128772838e+00 1.959036673878686630e+00
1.119505061034653304e+00 1.962137878661091017e+00
1.122907808940533547e+00 1.965230848649549111e+00
1.126310556846414013e+00 1.968315666600471081e+00
1.129713304752294478e+00 1.971392414676511162e+00
1.133116052658174944e+00 1.974461174448330913e+00
1.136518800564055187e+00 1.977522026896322727e+00
1.139921548469935653e+00 1.980575052412391290e+00
1.143324296375816118e+00 1.983620330801898035e+00
1.146727044281696584e+00 1.986657941285585816e+00
1.150129792187576827e+00 1.989687962501561991e+00
1.153532540093457293e+00 1.992710472507211783e+00
1.156935287999337758e+00 1.995725548781570824e+00
1.160338035905218002e+00 1.998733268227298687e+00
1.163740783811098467e+00 2.001733707172894228e+00
1.167143531716978933e+00 2.004726941374942228e+00
1.170546279622859398e+00 2.007713046020499270e+00
1.173949027528739641e+00 2.010692095729348150e+00
1.177351775434620107e+00 2.013664164556340896e+00
1.180754523340500572e+00 2.016629325993946509e+00
1.184157271246381038e+00 2.019587652974617953e+00
1.187560019152261281e+00 2.022539217873283945e+00
1.190962767058141747e+00 2.025484092509897582e+00
1.194365514964022212e+00 2.028422348152119081e+00
1.197768262869902456e+00 2.031354055517786694e+00
1.201171010775782921e+00 2.034279284777428476e+00
1.204573758681663387e+00 2.037198105557226580e+00
1.207976506587543852e+00 2.040110586941525028e+00
1.211379254493424096e+00 2.043016797475519564e+00
1.214782002399304561e+00 2.045916805168069175e+00
1.218184750305185027e+00 2.048810677494484978e+00
1.221587498211065492e+00 2.051698481399237828e+00
1.224990246116945736e+00 2.054580283298814258e+00
1.228392994022826201e+00 2.057456149084563979e+00
1.231795741928706667e+00 2.060326144125536274e+00
1.235198489834586910e+00 2.063190333271334609e+00
1.238601237740467376e+00 2.066048780854985445e+00
1.242003985646347841e+00 2.068901550695978919e+00
1.245406733552228307e+00 2.071748706102987114e+00
1.248809481458108550e+00 2.074590309876896743e+00
1.252212229363989016e+00 2.077426424313796538e+00
1.255614977269869481e+00 2.080257111207876708e+00
1.259017725175749947e+00 2.083082431854379912e+00
1.262420473081630190e+00 2.085902447052659259e+00
1.265823220987510656e+00 2.088717217109134605e+00
1.269225968893391121e+00 2.091526801840151162e+00
1.272628716799271364e+00 2.094331260575230669e+00
1.276031464705151830e+00 2.097130652159944209e+00
1.279434212611032295e+00 2.099925034958915138e+00
1.282836960516912761e+00 2.102714466858859321e+00
1.286239708422793004e+00 2.105499005271595170e+00
1.289642456328673470e+00 2.108278707137210883e+00
1.293045204234553935e+00 2.111053628926901293e+00
1.296447952140434401e+00 2.113823826646083148e+00
1.299850700046314644e+00 2.116589355837468212e+00
1.303253447952195110e+00 2.119350271584013790e+00
1.306656195858075575e+00 2.122106628512085535e+00
1.310058943763955819e+00 2.124858480794395543e+00
1.313461691669836284e+00 2.127605882153033701e+00
1.316864439575716750e+00 2.130348885862577646e+00
1.320267187481597215e+00 2.133087544752984677e+00
1.323669935387477459e+00 2.135821911212816726e+00
1.327072683293357924e+00 2.138552037192103406e+00
1.330475431199238390e+00 2.141277974205438639e+00
1.333878179105118855e+00 2.143999773334908987e+00
1.337280927010999099e+00 2.146717485233301304e+00
1.340683674916879564e+00 2.149431160126860973e+00
1.344086422822760030e+00 2.152140847818483582e+00
1.347489170728640273e+00 2.154846597690561527e+00
1.350891918634520739e+00 2.157548458708056227e+00
1.354294666540401204e+00 2.160246479421561006e+00
1.357697414446281670e+00 2.162940707970027354e+00
1.361100162352161913e+00 2.165631192083993017e+00
1.364502910258042379e+00 2.168317979088386416e+00
1.367905658163922844e+00 2.171001115905428325e+00
1.371308406069803310e+00 2.173680649057778247e+00
1.374711153975683553e+00 2.176356624671225148e+00
1.378113901881564018e+00 2.179029088477783205e+00
1.381516649787444484e+00 2.181698085818445154e+00
1.384919397693324949e+00 2.184363661646244292e+00
1.388322145599205193e+00 2.187025860528976740e+00
1.391724893505085658e+00 2.189684726652303404e+00
1.395127641410966124e+00 2.192340303822244874e+00
1.398530389316846367e+00 2.194992635468457909e+00
1.401933137222726833e+00 2.197641764646740103e+00
1.405335885128607298e+00 2.200287734042110532e+00
1.408738633034487764e+00 2.202930585971499156e+00
1.412141380940368007e+00 2.205570362386416683e+00
1.415544128846248473e+00 2.208207104876048987e+00
1.418946876752128938e+00 2.210840854669879896e+00
1.422349624658009404e+00 2.213471652640321974e+00
1.425752372563889647e+00 2.216099539305714128e+00
1.429155120469770113e+00 2.218724554832971929e+00
1.432557868375650578e+00 2.221346739040152229e+00
1.435960616281530822e+00 2.223966131399504054e+00
1.439363364187411287e+00 2.226582771039865349e+00
1.442766112093291753e+00 2.229196696749368822e+00
1.446168859999172218e+00 2.231807946978293433e+00
1.449571607905052462e+00 2.234416559841641892e+00
1.452974355810932927e+00 2.237022573121635993e+00
1.456377103716813393e+00 2.239626024270542803e+00
1.459779851622693858e+00 2.242226950413261921e+00
1.463182599528574102e+00 2.244825388349829698e+00
1.466585347434454567e+00 2.247421374558013163e+00
1.469988095340335033e+00 2.250014945195822236e+00
1.473390843246215276e+00 2.252606136104261303e+00
1.476793591152095741e+00 2.255194982809813897e+00
1.480196339057976207e+00 2.257781520526763064e+00
1.483599086963856672e+00 2.260365784159863889e+00
1.487001834869736916e+00 2.262947808306853936e+00
1.490404582775617381e+00 2.265527627260812693e+00
1.493807330681497847e+00 2.268105275012859856e+00
1.497210078587378312e+00 2.270680785254174605e+00
1.500612826493258556e+00 2.273254191378878186e+00
1.504015574399139021e+00 2.275825526486267680e+00
1.507418322305019487e+00 2.278394823383058210e+00
1.510821070210899730e+00 2.280962114586008394e+00
1.514223818116780196e+00 2.283527432324097717e+00
1.517626566022660661e+00 2.286090808541188402e+00
1.521029313928541127e+00 2.288652274897886585e+00
1.524432061834421370e+00 2.291211862774311214e+00
1.527834809740301836e+00 2.293769603272075130e+00
1.531237557646182301e+00 2.296325527216783513e+00
1.534640305552062767e+00 2.298879665160294294e+00
1.538043053457943010e+00 2.301432047382808044e+00
1.541445801363823476e+00 2.303982703895242512e+00
1.544848549269703941e+00 2.306531664441505924e+00
1.548251297175584185e+00 2.309078958500483836e+00
1.551654045081464650e+00 2.311624615288590423e+00
1.555056792987345116e+00 2.314168663761753564e+00
1.558459540893225581e+00 2.316711132617321756e+00
1.561862288799105825e+00 2.319252050296719325e+00
1.565265036704986290e+00 2.321791444987286290e+00
1.568667784610866756e+00 2.324329344624407323e+00
1.572070532516747221e+00 2.326865776893636717e+00
1.575473280422627465e+00 2.329400769232780277e+00
1.578876028328507930e+00 2.331934348834042936e+00
1.582278776234388395e+00 2.334466542646153719e+00
1.585681524140268639e+00 2.336997377376045737e+00
1.589084272046149104e+00 2.339526879491224065e+00
1.592487019952029570e+00 2.342055075221742833e+00
1.595889767857910035e+00 2.344581990562026874e+00
1.599292515763790279e+00 2.347107651273165008e+00
1.602695263669670744e+00 2.349632082884454576e+00
1.606098011575551210e+00 2.352155310695667634e+00
1.609500759481431675e+00 2.354677359778909462e+00
1.612903507387311919e+00 2.357198254980506391e+00
1.616306255293192384e+00 2.359718020922941584e+00
1.619709003199072850e+00 2.362236682006760180e+00
1.623111751104953315e+00 2.364754262412468666e+00
1.626514499010833559e+00 2.367270786102172231e+00
1.629917246916714024e+00 2.369786276821875592e+00
1.633319994822594490e+00 2.372300758102984020e+00
1.636722742728474733e+00 2.374814253264025066e+00
1.640125490634355199e+00 2.377326785412714028e+00
1.643528238540235664e+00 2.379838377447773823e+00
1.646930986446116130e+00 2.382349052060442673e+00
1.650333734351996373e+00 2.384858831736541340e+00
1.653736482257876839e+00 2.387367738757865787e+00
1.657139230163757304e+00 2.389875795204289499e+00
1.660541978069637770e+00 2.392383022955277827e+00
1.663944725975518013e+00 2.394889443691674558e+00
1.667347473881398479e+00 2.397395078897359255e+00
1.670750221787278944e+00 2.399899949860849535e+00
1.674152969693159188e+00 2.402404077677101846e+00
1.677555717599039653e+00 2.404907483249135947e+00
1.680958465504920119e+00 2.407410187289651393e+00
1.684361213410800584e+00 2.409912210322691095e+00
1.687763961316680827e+00 2.412413572685137897e+00
1.691166709222561293e+00 2.414914294528427430e+00
1.694569457128441758e+00 2.417414395820157047e+00
1.697972205034322224e+00 2.419913896345491811e+00
1.701374952940202467e+00 2.422412815709048317e+00
1.704777700846082933e+00 2.424911173336077308e+00
1.708180448751963398e+00 2.427408988474129892e+00
1.711583196657843642e+00 2.429906280194769952e+00
1.714985944563724107e+00 2.432403067394695029e+00
1.718388692469604573e+00 2.434899368797739605e+00
1.721791440375485038e+00 2.437395202955880080e+00
1.725194188281365282e+00 2.439890588251051096e+00
1.728596936187245747e+00 2.442385542896349904e+00
1.731999684093126213e+00 2.444880084937662179e+00
1.735402431999006678e+00 2.447374232255064452e+00
1.738805179904886922e+00 2.449868002564153713e+00
1.742207927810767387e+00 2.452361413417597280e+00
1.745610675716647853e+00 2.454854482206427324e+00
1.749013423622528096e+00 2.457347226161501919e+00
1.752416171528408562e+00 2.459839662354796896e+00
1.755818919434289027e+00 2.462331807700899766e+00
1.759221667340169493e+00 2.464823678958177666e+00
1.762624415246049736e+00 2.467315292730418719e+00
1.766027163151930202e+00 2.469806665467768170e+00
1.769429911057810667e+00 2.472297813468354200e+00
1.772832658963691133e+00 2.474788752879449660e+00
1.776235406869571376e+00 2.477279499698880283e+00
1.779638154775451842e+00 2.479770069776187302e+00
1.783040902681332307e+00 2.482260478814036997e+00
1.786443650587212550e+00 2.484750742369343346e+00
1.789846398493093016e+00 2.487240875854528355e+00
1.793249146398973481e+00 2.489730894539038175e+00
1.796651894304853947e+00 2.492220813550115377e+00
1.800054642210734190e+00 2.494710647874480269e+00
1.803457390116614656e+00 2.497200412359212862e+00
1.806860138022495121e+00 2.499690121713037616e+00
1.810262885928375587e+00 2.502179790507645496e+00
1.813665633834255830e+00 2.504669433178718485e+00
1.817068381740136296e+00 2.507159064027166373e+00
1.820471129646016761e+00 2.509648697220251634e+00
1.823873877551897005e+00 2.512138346792914145e+00
1.827276625457777470e+00 2.514628026648590975e+00
1.830679373363657936e+00 2.517117750560537548e+00
1.834082121269538401e+00 2.519607532173006703e+00
1.837484869175418645e+00 2.522097385002218584e+00
1.840887617081299110e+00 2.524587322437558345e+00
1.844290364987179576e+00 2.527077357742652630e+00
1.847693112893060041e+00 2.529567504056376315e+00
1.851095860798940285e+00 2.532057774394090632e+00
1.854498608704820750e+00 2.534548181648449194e+00
1.857901356610701216e+00 2.537038738590681852e+00
1.861304104516581459e+00 2.539529457871624540e+00
1.864706852422461925e+00 2.542020352022620333e+00
1.868109600328342390e+00 2.544511433456621674e+00
1.871512348234222856e+00 2.547002714469181583e+00
1.874915096140103099e+00 2.549494207239528798e+00
1.878317844045983565e+00 2.551985923831447511e+00
1.881720591951864030e+00 2.554477876194464425e+00
1.885123339857744496e+00 2.556970076164754690e+00
1.888526087763624739e+00 2.559462535465867994e+00
1.891928835669505204e+00 2.561955265709968010e+00
1.895331583575385670e+00 2.564448278398881786e+00
1.898734331481266135e+00 2.566941584924866238e+00
1.902137079387146379e+00 2.569435196571379976e+00
1.905539827293026844e+00 2.571929124514217069e+00
1.908942575198907310e+00 2.574423379822742941e+00
1.912345323104787553e+00 2.576917973460260747e+00
1.915748071010668019e+00 2.579412916284989699e+00
1.919150818916548484e+00 2.581908219051518572e+00
1.922553566822428950e+00 2.584403892411021531e+00
1.925956314728309193e+00 2.586899946912590842e+00
1.929359062634189659e+00 2.589396393003851937e+00
1.932761810540070124e+00 2.591893241031911099e+00
1.936164558445950590e+00 2.594390501244363101e+00
1.939567306351830833e+00 2.596888183789894722e+00
1.942970054257711299e+00 2.599386298719331467e+00
1.946372802163591764e+00 2.601884855986502210e+00
1.949775550069472008e+00 2.604383865448702373e+00
1.953178297975352473e+00 2.606883336868050183e+00
1.956581045881232939e+00 2.609383279911970721e+00
1.959983793787113404e+00 2.611883704154029040e+00
1.963386541692993648e+00 2.614384619074832994e+00
1.966789289598874113e+00 2.616886034062759325e+00
1.970192037504754579e+00 2.619387958414759243e+00
1.973594785410635044e+00 2.621890401337221288e+00
1.976997533316515288e+00 2.624393371946544207e+00
1.980400281222395753e+00 2.626896879270122387e+00
1.983803029128276219e+00 2.629400932247049738e+00
1.987205777034156462e+00 2.631905539728754295e+00
1.990608524940036927e+00 2.634410710479789142e+00
1.994011272845917393e+00 2.636916453178858699e+00
1.997414020751797858e+00 2.639422776419269034e+00
2.000816768657678324e+00 2.641929688709392376e+00
2.004219516563559012e+00 2.644437198473880368e+00
2.007622264469439255e+00 2.646945314054464760e+00
2.011025012375319498e+00 2.649454043710154583e+00
2.014427760281200186e+00 2.651963395618063046e+00
2.017830508187080429e+00 2.654473377874595919e+00
2.021233256092960673e+00 2.656983998495459520e+00
2.024636003998841360e+00 2.659495265416763843e+00
2.028038751904721604e+00 2.662007186495788602e+00
2.031441499810601847e+00 2.664519769511264347e+00
2.034844247716482535e+00 2.667033022164262857e+00
2.038246995622362778e+00 2.669546952078997837e+00
2.041649743528243466e+00 2.672061566803079380e+00
2.045052491434123709e+00 2.674576873808784505e+00
2.048455239340003953e+00 2.677092880493039395e+00
2.051857987245884640e+00 2.679609594178258725e+00
2.055260735151764884e+00 2.682127022113503845e+00
2.058663483057645127e+00 2.684645171474303815e+00
2.062066230963525815e+00 2.687164049363706564e+00
2.065468978869406058e+00 2.689683662813129317e+00
2.068871726775286302e+00 2.692204018782266228e+00
2.072274474681166989e+00 2.694725124160384233e+00
2.075677222587047233e+00 2.697246985766657001e+00
2.079079970492927920e+00 2.699769610350532645e+00
2.082482718398808164e+00 2.702293004592797754e+00
2.085885466304688407e+00 2.704817175105808325e+00
2.089288214210569095e+00 2.707342128434167883e+00
2.092690962116449338e+00 2.709867871055370969e+00
2.096093710022329581e+00 2.712394409380239235e+00
2.099496457928210269e+00 2.714921749753469005e+00
2.102899205834090512e+00 2.717449898454574519e+00
2.106301953739970756e+00 2.719978861697949668e+00
2.109704701645851443e+00 2.722508645633485713e+00
2.113107449551731687e+00 2.725039256347623340e+00
2.116510197457612374e+00 2.727570699863159920e+00
2.119912945363492618e+00 2.730102982140415246e+00
2.123315693269372861e+00 2.732636109077204445e+00
2.126718441175253549e+00 2.735170086509974396e+00
2.130121189081133792e+00 2.737704920213902771e+00
2.133523936987014036e+00 2.740240615903454025e+00
2.136926684892894723e+00 2.742777179232800844e+00
2.140329432798774967e+00 2.745314615796923707e+00
2.143732180704655210e+00 2.747852931131456788e+00
2.147134928610535898e+00 2.750392130713183558e+00
2.150537676516416141e+00 2.752932219961122584e+00
2.153940424422296829e+00 2.755473204236525753e+00
2.157343172328177072e+00 2.758015088843508433e+00
2.160745920234057316e+00 2.760557879029388761e+00
2.164148668139938003e+00 2.763101579985546064e+00
2.167551416045818247e+00 2.765646196847607374e+00
2.170954163951698490e+00 2.768191734695763184e+00
2.174356911857579178e+00 2.770738198555628085e+00
2.177759659763459421e+00 2.773285593398416626e+00
2.181162407669339665e+00 2.775833924141493103e+00
2.184565155575220352e+00 2.778383195648884918e+00
2.187967903481100596e+00 2.780933412731672938e+00
2.191370651386981283e+00 2.783484580148416043e+00
2.194773399292861527e+00 2.786036702605581006e+00
2.198176147198741770e+00 2.788589784758151779e+00
2.201578895104622458e+00 2.791143831209709880e+00
2.204981643010502701e+00 2.793698846513268830e+00
2.208384390916382944e+00 2.796254835171541941e+00
2.211787138822263632e+00 2.798811801637188346e+00
2.215189886728143875e+00 2.801369750313588813e+00
2.218592634634024119e+00 2.803928685554853750e+00
2.221995382539904806e+00 2.806488611666544841e+00
2.225398130445785050e+00 2.809049532906077840e+00
2.228800878351665737e+00 2.811611453482853129e+00
2.232203626257545981e+00 2.814174377559121698e+00
2.235606374163426224e+00 2.816738309249805283e+00
2.239009122069306912e+00 2.819303252623296174e+00
2.242411869975187155e+00 2.821869211701884872e+00
2.245814617881067399e+00 2.824436190461828033e+00
2.249217365786948086e+00 2.827004192833965757e+00
2.252620113692828330e+00 2.829573222704189650e+00
2.256022861598709017e+00 2.832143283913466814e+00
2.259425609504589261e+00 2.834714380258629873e+00
2.262828357410469504e+00 2.837286515492483119e+00
2.266231105316350192e+00 2.839859693324235934e+00
2.269633853222230435e+00 2.842433917419821210e+00
2.273036601128110679e+00 2.845009191402455340e+00
2.276439349033991366e+00 2.847585518852765674e+00
2.279842096939871610e+00 2.850162903309284790e+00
2.283244844845751853e+00 2.852741348268722721e+00
2.286647592751632541e+00 2.855320857186385286e+00
2.290050340657512784e+00 2.857901433476494724e+00
2.293453088563393472e+00 2.860483080512440601e+00
2.296855836469273715e+00 2.863065801627420637e+00
2.300258584375153958e+00 2.865649600114408280e+00
2.303661332281034646e+00 2.868234479226647426e+00
2.307064080186914889e+00 2.870820442178138698e+00
2.310466828092795133e+00 2.873407492143728703e+00
2.313869575998675820e+00 2.875995632259355617e+00
2.317272323904556064e+00 2.878584865622974664e+00
2.320675071810436307e+00 2.881175195294070956e+00
2.324077819716316995e+00 2.883766624294530345e+00
2.327480567622197238e+00 2.886359155608852145e+00
2.330883315528077926e+00 2.888952792184246832e+00
2.334286063433958169e+00 2.891547536931179607e+00
2.337688811339838413e+00 2.894143392723641295e+00
2.341091559245719100e+00 2.896740362399446322e+00
2.344494307151599344e+00 2.899338448760366393e+00
2.347897055057479587e+00 2.901937654572599889e+00
2.351299802963360275e+00 2.904537982567218179e+00
2.354702550869240518e+00 2.907139435440069697e+00
2.358105298775120762e+00 2.909742015852417651e+00
2.361508046681001449e+00 2.912345726431015525e+00
2.364910794586881693e+00 2.914950569768653299e+00
2.368313542492762380e+00 2.917556548424021567e+00
2.371716290398642624e+00 2.920163664922465596e+00
2.375119038304522867e+00 2.922771921756003533e+00
2.378521786210403555e+00 2.925381321383523581e+00
2.381924534116283798e+00 2.927991866231308915e+00
2.385327282022164042e+00 2.930603558693097632e+00
2.388730029928044729e+00 2.933216401130569473e+00
2.392132777833924973e+00 2.935830395873487930e+00
2.395535525739805216e+00 2.938445545219879218e+00
2.398938273645685904e+00 2.941061851436320929e+00
2.402341021551566147e+00 2.943679316758582409e+00
2.405743769457446835e+00 2.946297943391186891e+00
2.409146517363327078e+00 2.948917733508408467e+00
2.412549265269207321e+00 2.951538689253969228e+00
2.415952013175088009e+00 2.954160812741547737e+00
2.419354761080968252e+00 2.956784106055119654e+00
2.422757508986848496e+00 2.959408571248831610e+00
2.426160256892729183e+00 2.962034210347713525e+00
2.429563004798609427e+00 2.964661025347574252e+00
2.432965752704489670e+00 2.967289018215513163e+00
2.436368500610370358e+00 2.969918190889966336e+00
2.439771248516250601e+00 2.972548545280905063e+00
2.443173996422131289e+00 2.975180083270237308e+00
2.446576744328011532e+00 2.977812806712149651e+00
2.449979492233891776e+00 2.980446717432855053e+00
2.453382240139772463e+00 2.983081817231397981e+00
2.456784988045652707e+00 2.985718107879538508e+00
2.460187735951532950e+00 2.988355591122111576e+00
2.463590483857413638e+00 2.990994268677090950e+00
2.466993231763293881e+00 2.993634142236138551e+00
2.470395979669174125e+00 2.996275213464472564e+00
2.473798727575054812e+00 2.998917484001195177e+00
2.477201475480935056e+00 3.001560955459796620e+00
2.480604223386815743e+00 3.004205629427779467e+00
2.484006971292695987e+00 3.006851507467604545e+00
2.487409719198576230e+00 3.009498591116209987e+00
2.490812467104456918e+00 3.012146881885653826e+00
2.494215215010337161e+00 3.014796381263343150e+00
2.497617962916217405e+00 3.017447090711904423e+00
2.501020710822098092e+00 3.020099011669645339e+00
2.504423458727978336e+00 3.022752145550805292e+00
2.507826206633858579e+00 3.025406493745586012e+00
2.511228954539739266e+00 3.028062057620271474e+00
2.514631702445619510e+00 3.030718838517919345e+00
2.518034450351500197e+00 3.033376837757941757e+00
2.521437198257380441e+00 3.036036056636799429e+00
2.524839946163260684e+00 3.038696496427721438e+00
2.528242694069141372e+00 3.041358158381320731e+00
2.531645441975021615e+00 3.044021043725668285e+00
2.535048189880901859e+00 3.046685153666372603e+00
2.538450937786782546e+00 3.049350489386652985e+00
2.541853685692662790e+00 3.052017052048120682e+00
2.545256433598543033e+00 3.054684842790128751e+00
2.548659181504423721e+00 3.057353862730518568e+00
2.552061929410303964e+00 3.060024112965831211e+00
2.555464677316184652e+00 3.062695594571057889e+00
2.558867425222064895e+00 3.065368308600270542e+00
2.562270173127945139e+00 3.068042256086509489e+00
2.565672921033825826e+00 3.070717438042009473e+00
2.569075668939706070e+00 3.073393855458555812e+00
2.572478416845586313e+00 3.076071509307502172e+00
2.575881164751467001e+00 3.078750400539792320e+00
2.579283912657347244e+00 3.081430530086471276e+00
2.582686660563227488e+00 3.084111898858705736e+00
2.586089408469108175e+00 3.086794507747842697e+00
2.589492156374988419e+00 3.089478357625697225e+00
2.592894904280869106e+00 3.092163449344556891e+00
2.596297652186749350e+00 3.094849783737807059e+00
2.599700400092629593e+00 3.097537361619459695e+00
2.603103147998510281e+00 3.100226183784673850e+00
2.606505895904390524e+00 3.102916251009975035e+00
2.609908643810270767e+00 3.105607564053190384e+00
2.613311391716151455e+00 3.108300123653694236e+00
2.616714139622031698e+00 3.110993930532688356e+00
2.620116887527911942e+00 3.113688985393108677e+00
2.623519635433792629e+00 3.116385288920015206e+00
2.626922383339672873e+00 3.119082841780846493e+00
2.630325131245553560e+00 3.121781644624867624e+00
2.633727879151433804e+00 3.124481698084237813e+00
2.637130627057314047e+00 3.127183002773648912e+00
2.640533374963194735e+00 3.129885559290495056e+00
2.643936122869074978e+00 3.132589368215249248e+00
2.647338870774955222e+00 3.135294430111212893e+00
2.650741618680835909e+00 3.138000745525055812e+00
2.654144366586716153e+00 3.140708314986957461e+00
2.657547114492596396e+00 3.143417139010303618e+00
2.660949862398477084e+00 3.146127218092122035e+00
2.664352610304357327e+00 3.148838552713530081e+00
2.667755358210238015e+00 3.151551143339290650e+00
2.671158106116118258e+00 3.154264990418211401e+00
2.674560854021998502e+00 3.156980094383472490e+00
2.677963601927879189e+00 3.159696455652325486e+00
2.681366349833759433e+00 3.162414074626774596e+00
2.684769097739639676e+00 3.165132951693161889e+00
2.688171845645520364e+00 3.167853087222558095e+00
2.691574593551400607e+00 3.170574481571186265e+00
2.694977341457280851e+00 3.173297135079852005e+00
2.698380089363161538e+00 3.176021048074613162e+00
2.701782837269041782e+00 3.178746220866914385e+00
2.705185585174922469e+00 3.181472653753417923e+00
2.708588333080802713e+00 3.184200347016183930e+00
2.711991080986682956e+00 3.186929300923003083e+00
2.715393828892563644e+00 3.189659515727434780e+00
2.718796576798443887e+00 3.192390991668852873e+00
2.722199324704324130e+00 3.195123728972633970e+00
2.725602072610204818e+00 3.197857727850037524e+00
2.729004820516085061e+00 3.200592988498793812e+00
2.732407568421965305e+00 3.203329511103012450e+00
2.735810316327845992e+00 3.206067295833006980e+00
2.739213064233726236e+00 3.208806342845729187e+00
2.742615812139606923e+00 3.211546652284940073e+00
2.746018560045487167e+00 3.214288224281211637e+00
2.749421307951367410e+00 3.217031058951735911e+00
2.752824055857248098e+00 3.219775156400940475e+00
2.756226803763128341e+00 3.222520516720594141e+00
2.759629551669008585e+00 3.225267139989360210e+00
2.763032299574889272e+00 3.228015026273287624e+00
2.766435047480769516e+00 3.230764175626207990e+00
2.769837795386650203e+00 3.233514588089197783e+00
2.773240543292530447e+00 3.236266263691118805e+00
2.776643291198410690e+00 3.239019202448651935e+00
2.780046039104291378e+00 3.241773404366373956e+00
2.783448787010171621e+00 3.244528869436849039e+00
2.786851534916051865e+00 3.247285597640646504e+00
2.790254282821932552e+00 3.250043588946744499e+00
2.793657030727812796e+00 3.252802843312241343e+00
2.797059778633693039e+00 3.255563360682729890e+00
2.800462526539573727e+00 3.258325140992323732e+00
2.803865274445453970e+00 3.261088184163775328e+00
2.807268022351334658e+00 3.263852490108228643e+00
2.810670770257214901e+00 3.266618058726204588e+00
2.814073518163095144e+00 3.269384889906810088e+00
2.817476266068975832e+00 3.272152983527843784e+00
2.820879013974856075e+00 3.274922339456857845e+00
2.824281761880736319e+00 3.277692957550150332e+00
2.827684509786617006e+00 3.280464837653314536e+00
2.831087257692497250e+00 3.283237979601592915e+00
2.834490005598377493e+00 3.286012383219489852e+00
2.837892753504258181e+00 3.288788048320949731e+00
2.841295501410138424e+00 3.291564974709996871e+00
2.844698249316019112e+00 3.294343162179968143e+00
2.848100997221899355e+00 3.297122610514235941e+00
2.851503745127779599e+00 3.299903319486271691e+00
2.854906493033660286e+00 3.302685288859115609e+00
2.858309240939540530e+00 3.305468518386417642e+00
2.861711988845420773e+00 3.308253007811537305e+00
2.865114736751301461e+00 3.311038756868366573e+00
2.868517484657181704e+00 3.313825765281386282e+00
2.871920232563061948e+00 3.316614032764984454e+00
2.875322980468942635e+00 3.319403559024371120e+00
2.878725728374822879e+00 3.322194343755623613e+00
2.882128476280703566e+00 3.324986386645054637e+00
2.885531224186583810e+00 3.327779687370060469e+00
2.888933972092464053e+00 3.330574245598786121e+00
2.892336719998344741e+00 3.333370060990297645e+00
2.895739467904224984e+00 3.336167133194802847e+00
2.899142215810105228e+00 3.338965461853430572e+00
2.902544963715985915e+00 3.341765046598688116e+00
2.905947711621866159e+00 3.344565887054264941e+00
2.909350459527746402e+00 3.347367982835064648e+00
2.912753207433627090e+00 3.350171333547661057e+00
2.916155955339507333e+00 3.352975938789999777e+00
2.919558703245388021e+00 3.355781798151377338e+00
2.922961451151268264e+00 3.358588911213098438e+00
2.926364199057148507e+00 3.361397277548103357e+00
2.929766946963029195e+00 3.364206896720778772e+00
2.933169694868909438e+00 3.367017768287941415e+00
2.936572442774789682e+00 3.369829891797901489e+00
2.939975190680670369e+00 3.372643266790994687e+00
2.943377938586550613e+00 3.375457892800189263e+00
2.946780686492430856e+00 3.378273769349828815e+00
2.950183434398311544e+00 3.381090895957008957e+00
2.953586182304191787e+00 3.383909272130998680e+00
2.956988930210072475e+00 3.386728897373263436e+00
2.960391678115952718e+00 3.389549771178008264e+00
2.963794426021832962e+00 3.392371893031651542e+00
2.967197173927713649e+00 3.395195262413385873e+00
2.970599921833593893e+00 3.398019878794964033e+00
2.974002669739474136e+00 3.400845741640873499e+00
2.977405417645354824e+00 3.403672850408272055e+00
2.980808165551235067e+00 3.406501204547355499e+00
2.984210913457115311e+00 3.409330803500965068e+00
2.987613661362995998e+00 3.412161646705082152e+00
2.991016409268876242e+00 3.414993733588811420e+00
2.994419157174756929e+00 3.417827063574076174e+00
2.997821905080637173e+00 3.420661636076241852e+00
3.001224652986517416e+00 3.423497450503668382e+00
3.004627400892398104e+00 3.426334506258110757e+00
3.008030148798278347e+00 3.429172802734703485e+00
3.011432896704158590e+00 3.432012339322047190e+00
3.014835644610039278e+00 3.434853115401859558e+00
3.018238392515919521e+00 3.437695130349876838e+00
3.021641140421799765e+00 3.440538383535036715e+00
3.025043888327680452e+00 3.443382874320157772e+00
3.028446636233560696e+00 3.446228602061687241e+00
3.031849384139441383e+00 3.449075566109653046e+00
3.035252132045321627e+00 3.451923765808362798e+00
3.038654879951201870e+00 3.454773200495615537e+00
3.042057627857082558e+00 3.457623869503132941e+00
3.045460375762962801e+00 3.460475772156877294e+00
3.048863123668843045e+00 3.463328907776894727e+00
3.052265871574723732e+00 3.466183275676822273e+00
3.055668619480603976e+00 3.469038875165122882e+00
3.059071367386484219e+00 3.471895705544085775e+00
3.062474115292364907e+00 3.474753766110287856e+00
3.065876863198245150e+00 3.477613056154828630e+00
3.069279611104125838e+00 3.480473574962943850e+00
3.072682359010006081e+00 3.483335321814497565e+00
3.076085106915886325e+00 3.486198295983704121e+00
3.079487854821767012e+00 3.489062496739329333e+00
3.082890602727647256e+00 3.491927923344773088e+00
3.086293350633527499e+00 3.494794575058201236e+00
3.089696098539408187e+00 3.497662451132218742e+00
3.093098846445288430e+00 3.500531550814291126e+00
3.096501594351168674e+00 3.503401873346588147e+00
3.099904342257049361e+00 3.506273417966256023e+00
3.103307090162929605e+00 3.509146183905354821e+00
3.106709838068810292e+00 3.512020170390661278e+00
3.110112585974690536e+00 3.514895376644134206e+00
3.113515333880570779e+00 3.517771801882657368e+00
3.116918081786451467e+00 3.520649445318485782e+00
3.120320829692331710e+00 3.523528306158485890e+00
3.123723577598211953e+00 3.526408383605052155e+00
3.127126325504092641e+00 3.529289676855778879e+00
3.130529073409972884e+00 3.532172185103454431e+00
3.133931821315853128e+00 3.535055907536329034e+00
3.137334569221733815e+00 3.537940843337698205e+00
3.140737317127614059e+00 3.540826991686654157e+00
3.144140065033494746e+00 3.543714351757418335e+00
3.147542812939374990e+00 3.546602922719997331e+00
3.150945560845255233e+00 3.549492703739615784e+00
3.154348308751135921e+00 3.552383693977292367e+00
3.157751056657016164e+00 3.555275892589747411e+00
3.161153804562896408e+00 3.558169298729060959e+00
3.164556552468777095e+00 3.561063911543349114e+00
3.167959300374657339e+00 3.563959730176379903e+00
3.171362048280537582e+00 3.566856753767724708e+00
3.174764796186418270e+00 3.569754981452561982e+00
3.178167544092298513e+00 3.572654412362396670e+00
3.181570291998179201e+00 3.575555045624192463e+00
3.184973039904059444e+00 3.578456880361251535e+00
3.188375787809939688e+00 3.581359915692692741e+00
3.191778535715820375e+00 3.584264150733587950e+00
3.195181283621700619e+00 3.587169584595339078e+00
3.198584031527580862e+00 3.590076216385324592e+00
3.201986779433461550e+00 3.592984045207055832e+00
3.205389527339341793e+00 3.595893070160255167e+00
3.208792275245222037e+00 3.598803290341090477e+00
3.212195023151102724e+00 3.601714704841600057e+00
3.215597771056982968e+00 3.604627312750544821e+00
3.219000518962863655e+00 3.607541113152715972e+00
3.222403266868743898e+00 3.610456105129534521e+00
3.225806014774624142e+00 3.613372287758712442e+00
3.229208762680504829e+00 3.616289660114431648e+00
3.232611510586385073e+00 3.619208221267502523e+00
3.236014258492265316e+00 3.622127970285058840e+00
3.239417006398146004e+00 3.625048906230887713e+00
3.242819754304026247e+00 3.627971028165595246e+00
3.246222502209906935e+00 3.630894335146061191e+00
3.249625250115787178e+00 3.633818826226038468e+00
3.253027998021667422e+00 3.636744500456107421e+00
3.256430745927548109e+00 3.639671356883294795e+00
3.259833493833428353e+00 3.642599394551692793e+00
3.263236241739308596e+00 3.645528612502023424e+00
3.266638989645189284e+00 3.648459009771880091e+00
3.270041737551069527e+00 3.651390585395907440e+00
3.273444485456949771e+00 3.654323338405387034e+00
3.276847233362830458e+00 3.657257267828684100e+00
3.280249981268710702e+00 3.660192372691296825e+00
3.283652729174591389e+00 3.663128652015409603e+00
3.287055477080471633e+00 3.666066104820463245e+00
3.290458224986351876e+00 3.669004730123025304e+00
3.293860972892232564e+00 3.671944526936511632e+00
3.297263720798112807e+00 3.674885494271753483e+00
3.300666468703993051e+00 3.677827631136553421e+00
3.304069216609873738e+00 3.680770936535878501e+00
3.307471964515753982e+00 3.683715409472368307e+00
3.310874712421634225e+00 3.686661048945262920e+00
3.314277460327514913e+00 3.689607853951474947e+00
3.317680208233395156e+00 3.692555823485276001e+00
3.321082956139275844e+00 3.695504956538006702e+00
3.324485704045156087e+00 3.698455252098697077e+00
3.327888451951036330e+00 3.701406709153578944e+00
3.331291199856917018e+00 3.704359326686284426e+00
3.334693947762797261e+00 3.707313103678101740e+00
3.338096695668677505e+00 3.710268039107761151e+00
3.341499443574558192e+00 3.713224131951320395e+00
3.344902191480438436e+00 3.716181381182651400e+00
3.348304939386318679e+00 3.719139785772830109e+00
3.351707687292199367e+00 3.722099344690981138e+00
3.355110435198079610e+00 3.725060056903636951e+00
3.358513183103960298e+00 3.728021921374826686e+00
3.361915931009840541e+00 3.730984937066612606e+00
3.365318678915720785e+00 3.733949102938483033e+00
3.368721426821601472e+00 3.736914417947714728e+00
3.372124174727481716e+00 3.739880881049405303e+00
3.375526922633361959e+00 3.742848491196513638e+00
3.378929670539242647e+00 3.745817247339580547e+00
3.382332418445122890e+00 3.748787148427204841e+00
3.385735166351003134e+00 3.751758193405661412e+00
3.389137914256883821e+00 3.754730381219264057e+00
3.392540662162764065e+00 3.757703710810214481e+00
3.395943410068644752e+00 3.760678181118508157e+00
3.399346157974524996e+00 3.764049769196952333e+00
