y_bar r2
9.999999999999999547e-07 1.269555423564566863e-18
3.403747905880405347e-03 5.006376353047850187e-08
6.806495811760810560e-03 4.003321825159724089e-07
1.020924371764121534e-02 1.350912944752032488e-06
1.361199162352162012e-02 3.201892770878789089e-06
1.701473952940202664e-02 6.253322578455678601e-06
2.041748743528243315e-02 1.080520073961653637e-05
2.382023534116283620e-02 1.715745478943773292e-05
2.722298324704324271e-02 2.560992181074739851e-05
3.062573115292364923e-02 3.646232765569331247e-05
3.402847905880405227e-02 5.001426512627671952e-05
3.743122696468445532e-02 6.656517121164162232e-05
4.083397487056486530e-02 8.641430346324360486e-05
4.423672277644526835e-02 1.098607155771170465e-04
4.763947068232567139e-02 1.372032322436577301e-04
5.104221858820608138e-02 1.687404233186482426e-04
5.444496649408648442e-02 2.047705773640692937e-04
5.784771439996688747e-02 2.455916746031353709e-04
6.125046230584729745e-02 2.915013593307088507e-04
6.465321021172769356e-02 3.427969118175807251e-04
6.805595811760810354e-02 3.997752197449147018e-04
7.145870602348851353e-02 4.627327492033407380e-04
7.486145392936890963e-02 5.319655152896702200e-04
7.826420183524931962e-02 6.077690523329317990e-04
8.166694974112972960e-02 6.904383837803408728e-04
8.506969764701012571e-02 7.802679917729055158e-04
8.847244555289053569e-02 8.775517864395664244e-04
9.187519345877094568e-02 9.825830749380832802e-04
9.527794136465134178e-02 1.095654530270289426e-03
9.868068927053175177e-02 1.217058159898802127e-03
1.020834371764121618e-01 1.347085274191796691e-03
1.054861850822925579e-01 1.486026454722061321e-03
1.088889329881729678e-01 1.634171522446136067e-03
1.122916808940533778e-01 1.791809505789016032e-03
1.156944287999337739e-01 1.959228608659564080e-03
1.190971767058141839e-01 2.136716178421474086e-03
1.224999246116945939e-01 2.324558673844356188e-03
1.259026725175750039e-01 2.523041633059210261e-03
1.293054204234553861e-01 2.732449641542321946e-03
1.327081683293357961e-01 2.953066300151320749e-03
1.361109162352162061e-01 3.185174193236896354e-03
1.395136641410966161e-01 3.429054856853409796e-03
1.429164120469770261e-01 3.684988747091362451e-03
1.463191599528574360e-01 3.953255208554434276e-03
1.497219078587378183e-01 4.234132443003519111e-03
1.531246557646182282e-01 4.527897478189904686e-03
1.565274036704986382e-01 4.834826136899466990e-03
1.599301515763790482e-01 5.155193006229455942e-03
1.633328994822594582e-01 5.489271407119141778e-03
1.667356473881398682e-01 5.837333364155249463e-03
1.701383952940202504e-01 6.199649575672870269e-03
1.735411431999006604e-01 6.576489384172037531e-03
1.769438911057810704e-01 6.968120747070006074e-03
1.803466390116614804e-01 7.374810207808781340e-03
1.837493869175418904e-01 7.796822867337066879e-03
1.871521348234223003e-01 8.234422355985529171e-03
1.905548827293026826e-01 8.687870805753707126e-03
1.939576306351830925e-01 9.157428823026697584e-03
1.973603785410635025e-01 9.643355461739047327e-03
2.007631264469439125e-01 1.014590819700320924e-02
2.041658743528243225e-01 1.066534289921908414e-02
2.075686222587047325e-01 1.120191380868100668e-02
2.109713701645851147e-01 1.175587351069790239e-02
2.143741180704655247e-01 1.232747291124202012e-02
2.177768659763459347e-01 1.291696121314081860e-02
2.211796138822263447e-01 1.352458589282654056e-02
2.245823617881067547e-01 1.415059267765723071e-02
2.279851096939871369e-01 1.479522552382222210e-02
2.313878575998675469e-01 1.545872659484525541e-02
2.347906055057479568e-01 1.614133624069695808e-02
2.381933534116283668e-01 1.684329297752864760e-02
2.415961013175087768e-01 1.756483346803848836e-02
2.449988492233891868e-01 1.830619250248041036e-02
2.484015971292695690e-01 1.906760298032585121e-02
2.518043450351499790e-01 1.984929589258771152e-02
2.552070929410303890e-01 2.065150030481521792e-02
2.586098408469107435e-01 2.147444334076802769e-02
2.620125887527911535e-01 2.231835016677720038e-02
2.654153366586715634e-01 2.318344397679989594e-02
2.688180845645519734e-01 2.406994597817451245e-02
2.722208324704323834e-01 2.497807537808189801e-02
2.756235803763127934e-01 2.590804937071793448e-02
2.790263282821932034e-01 2.686008312518233659e-02
2.824290761880736134e-01 2.783438977408729531e-02
2.858318240939540233e-01 2.883118040288995543e-02
2.892345719998344333e-01 2.985066403995117329e-02
2.926373199057148433e-01 3.089304764732308042e-02
2.960400678115952533e-01 3.195853611226692065e-02
2.994428157174756078e-01 3.304733223950256232e-02
3.028455636233560178e-01 3.415963674419002921e-02
3.062483115292364277e-01 3.529564824564276893e-02
3.096510594351168377e-01 3.645556326177258610e-02
3.130538073409972477e-01 3.763957620426469641e-02
3.164565552468776577e-01 3.884787937448099665e-02
3.198593031527580677e-01 4.008066296008973295e-02
3.232620510586384777e-01 4.133811503241843072e-02
3.266647989645188876e-01 4.262042154452665155e-02
3.300675468703992976e-01 4.392776632999502440e-02
3.334702947762797076e-01 4.526033110242586727e-02
3.368730426821600621e-01 4.661829545565044502e-02
3.402757905880404721e-01 4.800183686463802696e-02
3.436785384939208821e-01 4.941113068709993006e-02
3.470812863998012920e-01 5.084635016578318428e-02
3.504840343056817020e-01 5.230766643144645761e-02
3.538867822115621120e-01 5.379524850651092732e-02
3.572895301174425220e-01 5.530926330937906837e-02
3.606922780233229320e-01 5.684987565941224813e-02
3.640950259292033420e-01 5.841724828255977914e-02
3.674977738350837519e-01 6.001154181762946571e-02
3.709005217409641619e-01 6.163291482319131070e-02
3.743032696468445719e-01 6.328152378510430720e-02
3.777060175527249264e-01 6.495752312465567779e-02
3.811087654586053364e-01 6.666106520730408214e-02
3.845115133644857464e-01 6.839230035201407376e-02
3.879142612703661563e-01 7.015137684117232764e-02
3.913170091762465663e-01 7.193844093107366888e-02
3.947197570821269763e-01 7.375363686296555754e-02
3.981225049880073863e-01 7.559710687464042678e-02
4.015252528938877963e-01 7.746899121256071996e-02
4.049280007997682063e-01 7.936942814450857753e-02
4.083307487056486162e-01 8.129855397274535211e-02
4.117334966115290262e-01 8.325650304766704646e-02
4.151362445174094362e-01 8.524340778194658408e-02
4.185389924232897907e-01 8.725939866514616228e-02
4.219417403291702007e-01 8.930460427878979257e-02
4.253444882350506107e-01 9.137915131188006912e-02
4.287472361409310206e-01 9.348316457684645309e-02
4.321499840468114306e-01 9.561676702591460908e-02
4.355527319526918406e-01 9.778007976787715660e-02
4.389554798585722506e-01 9.997322208525843967e-02
4.423582277644526606e-01 1.021963114518561061e-01
4.457609756703330706e-01 1.044494635506449803e-01
4.491637235762134805e-01 1.067327922920341676e-01
4.525664714820938905e-01 1.090464098324568226e-01
4.559692193879742450e-01 1.113904265932847276e-01
4.593719672938546550e-01 1.137649512800502360e-01
4.627747151997350650e-01 1.161700909019636047e-01
4.661774631056154750e-01 1.186059507917107958e-01
4.695802110114958849e-01 1.210726346255183300e-01
4.729829589173762949e-01 1.235702444434738229e-01
4.763857068232567049e-01 1.260988806700822917e-01
4.797884547291371149e-01 1.286586421350536524e-01
4.831912026350175249e-01 1.312496260943002424e-01
4.865939505408979349e-01 1.338719282511337538e-01
4.899966984467783448e-01 1.365256427776523063e-01
4.933994463526587548e-01 1.392108623362950937e-01
4.968021942585391093e-01 1.419276781015627598e-01
5.002049421644195748e-01 1.446761797818829354e-01
5.036076900703000403e-01 1.474564556416081973e-01
5.070104379761803948e-01 1.502685925231417863e-01
5.104131858820608603e-01 1.531126758691701839e-01
5.138159337879412147e-01 1.559887897449891425e-01
5.172186816938215692e-01 1.588970168609252775e-01
5.206214295997020347e-01 1.618374385948221916e-01
5.240241775055823892e-01 1.648101350145923794e-01
5.274269254114628547e-01 1.678151849008206187e-01
5.308296733173432091e-01 1.708526657694057205e-01
5.342324212232236746e-01 1.739226538942300337e-01
5.376351691291040291e-01 1.770252243298447714e-01
5.410379170349844946e-01 1.801604509341705740e-01
5.444406649408648491e-01 1.833284063911810313e-01
5.478434128467453146e-01 1.865291622335831789e-01
5.512461607526256691e-01 1.897627888654697392e-01
5.546489086585060235e-01 1.930293555849402209e-01
5.580516565643864890e-01 1.963289306066768047e-01
5.614544044702668435e-01 1.996615810844647732e-01
5.648571523761473090e-01 2.030273731336642296e-01
5.682599002820276635e-01 2.064263718535927494e-01
5.716626481879081290e-01 2.098586413498472747e-01
5.750653960937884834e-01 2.133242447565298072e-01
5.784681439996689489e-01 2.168232442583782060e-01
5.818708919055493034e-01 2.203557011127943999e-01
5.852736398114297689e-01 2.239216756717701540e-01
5.886763877173101234e-01 2.275212274036796656e-01
5.920791356231905889e-01 2.311544149149642735e-01
5.954818835290709433e-01 2.348212959716685366e-01
5.988846314349512978e-01 2.385219275208569079e-01
6.022873793408317633e-01 2.422563657118678160e-01
6.056901272467121178e-01 2.460246659174278872e-01
6.090928751525925833e-01 2.498268827546058501e-01
6.124956230584729377e-01 2.536630701056061254e-01
6.158983709643534032e-01 2.575332811383940212e-01
6.193011188702337577e-01 2.614375683271372153e-01
6.227038667761142232e-01 2.653759834724967459e-01
6.261066146819945777e-01 2.693485777217059507e-01
6.295093625878750432e-01 2.733554015884758215e-01
6.329121104937553977e-01 2.773965049727118992e-01
6.363148583996357521e-01 2.814719371800291081e-01
6.397176063055162176e-01 2.855817469410681375e-01
6.431203542113965721e-01 2.897259824306117615e-01
6.465231021172770376e-01 2.939046912864964889e-01
6.499258500231573921e-01 2.981179206283112726e-01
6.533285979290378576e-01 3.023657170758815016e-01
6.567313458349182120e-01 3.066481267675417732e-01
6.601340937407986775e-01 3.109651953781929490e-01
6.635368416466790320e-01 3.153169681371321698e-01
6.669395895525594975e-01 3.197034898456697083e-01
6.703423374584398520e-01 3.241248048945042926e-01
6.737450853643202064e-01 3.285809572808978674e-01
6.771478332702006719e-01 3.330719906256028318e-01
6.805505811760810264e-01 3.375979481895564627e-01
6.839533290819614919e-01 3.421588728903684484e-01
6.873560769878418464e-01 3.467548073185471313e-01
6.907588248937223119e-01 3.513857937535173614e-01
6.941615727996026664e-01 3.560518741793841646e-01
6.975643207054831318e-01 3.607530903004879108e-01
7.009670686113634863e-01 3.654894835566847577e-01
7.043698165172439518e-01 3.702610951384404658e-01
7.077725644231243063e-01 3.750679660016437711e-01
7.111753123290047718e-01 3.799101368822147551e-01
7.145780602348851263e-01 3.847876483104609169e-01
7.179808081407654807e-01 3.897005406252130322e-01
7.213835560466459462e-01 3.946488539877047730e-01
7.247863039525263007e-01 3.996326283952263414e-01
7.281890518584067662e-01 4.046519036945624981e-01
7.315917997642871207e-01 4.097067195951629159e-01
7.349945476701675862e-01 4.147971156821178562e-01
7.383972955760479406e-01 4.199231314288565664e-01
7.418000434819284061e-01 4.250848062096500013e-01
7.452027913878087606e-01 4.302821793118752902e-01
7.486055392936892261e-01 4.355152899480493334e-01
7.520082871995695806e-01 4.407841772676284187e-01
7.554110351054499350e-01 4.460888803685938986e-01
7.588137830113304005e-01 4.514294383087868456e-01
7.622165309172107550e-01 4.568058901170538588e-01
7.656192788230912205e-01 4.622182748041587796e-01
7.690220267289715750e-01 4.676666313734578195e-01
7.724247746348520405e-01 4.731509988313858384e-01
7.758275225407323950e-01 4.786714161976630688e-01
7.792302704466128604e-01 4.842279225153879318e-01
7.826330183524932149e-01 4.898205568608255400e-01
7.860357662583736804e-01 4.954493583530422129e-01
7.894385141642540349e-01 5.011143661632674329e-01
7.928412620701343894e-01 5.068156195241240169e-01
7.962440099760148549e-01 5.125531577386303050e-01
7.996467578818952093e-01 5.183270201889361717e-01
8.030495057877756748e-01 5.241372463449534003e-01
8.064522536936560293e-01 5.299838757727055594e-01
8.098550015995364948e-01 5.358669481425560877e-01
8.132577495054168493e-01 5.417865032371729228e-01
8.166604974112973148e-01 5.477425809593516881e-01
8.200632453171776692e-01 5.537352213396135037e-01
8.234659932230581347e-01 5.597644645436492539e-01
8.268687411289384892e-01 5.658303508795253789e-01
8.302714890348189547e-01 5.719329208047873037e-01
8.336742369406993092e-01 5.780722149333135107e-01
8.370769848465796636e-01 5.842482740420144038e-01
8.404797327524601291e-01 5.904611390773599755e-01
8.438824806583404836e-01 5.967108511617399413e-01
8.472852285642209491e-01 6.029974515996352480e-01
8.506879764701013036e-01 6.093209818836284875e-01
8.540907243759817691e-01 6.156814837002787533e-01
8.574934722818621236e-01 6.220789989357451422e-01
8.608962201877425890e-01 6.285135696813834993e-01
8.642989680936229435e-01 6.349852382390627215e-01
8.677017159995034090e-01 6.414940471264140021e-01
8.711044639053837635e-01 6.480400390818377154e-01
8.745072118112641180e-01 6.546232570694394681e-01
8.779099597171445835e-01 6.612437442837827417e-01
8.813127076230249379e-01 6.679015441545187448e-01
8.847154555289054034e-01 6.745967003508291926e-01
8.881182034347857579e-01 6.813292567857422988e-01
8.915209513406662234e-01 6.880992576203647237e-01
8.949236992465465779e-01 6.949067472678955859e-01
8.983264471524270434e-01 7.017517703975651999e-01
9.017291950583073978e-01 7.086343719384187168e-01
9.051319429641878633e-01 7.155545970829718661e-01
9.085346908700682178e-01 7.225124912907224806e-01
9.119374387759485723e-01 7.295081002915824175e-01
9.153401866818290378e-01 7.365414700892074507e-01
9.187429345877093922e-01 7.436126469640520487e-01
9.221456824935898577e-01 7.507216774764896572e-01
9.255484303994702122e-01 7.578686084697469072e-01
9.289511783053506777e-01 7.650534870727184744e-01
9.323539262112310322e-01 7.722763607026461585e-01
9.357566741171114977e-01 7.795372770677753138e-01
9.391594220229918522e-01 7.868362841697741361e-01
9.425621699288723176e-01 7.941734303061994682e-01
9.459649178347526721e-01 8.015487640727345653e-01
9.493676657406331376e-01 8.089623343654051002e-01
9.527704136465134921e-01 8.164141903826666047e-01
9.561731615523938466e-01 8.239043816273822207e-01
9.595759094582743121e-01 8.314329579087261779e-01
9.629786573641546665e-01 8.389999693440272077e-01
9.663814052700351320e-01 8.466054663604593022e-01
9.697841531759154865e-01 8.542494996966588650e-01
9.731869010817959520e-01 8.619321204043244311e-01
9.765896489876763065e-01 8.696533798495963419e-01
9.799923968935567720e-01 8.774133297145393362e-01
9.833951447994371264e-01 8.852120219983862226e-01
9.867978927053175919e-01 8.930495090187577922e-01
9.902006406111979464e-01 9.009258434127912496e-01
9.936033885170783009e-01 9.088410781382718628e-01
9.970061364229587664e-01 9.167952664745976366e-01
1.000408884328839010e+00 9.247884620237025732e-01
1.003811632234719475e+00 9.328207187109082144e-01
1.007214380140599941e+00 9.408920907857363236e-01
1.010617128046480184e+00 9.490026328226461860e-01
1.014019875952360650e+00 9.571523997216272450e-01
1.017422623858241115e+00 9.653414467088622386e-01
1.020825371764121581e+00 9.735698293372521128e-01
1.024228119670001824e+00 9.818376034868702140e-01
1.027630867575882290e+00 9.901448253653959419e-01
1.031033615481762755e+00 9.984915515084616944e-01
1.034436363387642999e+00 1.006877838779965728e+00
1.037839111293523464e+00 1.015303744372357153e+00
1.041241859199403930e+00 1.023769325806768826e+00
1.044644607105284395e+00 1.032274640933216192e+00
1.048047355011164639e+00 1.040819747930713746e+00
1.051450102917045104e+00 1.049404705307244168e+00
1.054852850822925570e+00 1.058029571899868682e+00
1.058255598728806035e+00 1.066694406874568068e+00
1.061658346634686279e+00 1.075399269726283968e+00
1.065061094540566744e+00 1.084144220278689064e+00
1.068463842446447210e+00 1.092929318684059403e+00
1.071866590352327453e+00 1.101754625423086331e+00
1.075269338258207918e+00 1.110620201304548083e+00
1.078672086164088384e+00 1.119526107465112830e+00
1.082074834069968849e+00 1.128472405368950549e+00
1.085477581975849093e+00 1.137459156807375971e+00
1.088880329881729558e+00 1.146486423898483320e+00
1.092283077787610024e+00 1.155554269086733310e+00
1.095685825693490489e+00 1.164662755142374051e+00
1.099088573599370733e+00 1.173811945161108428e+00
1.102491321505251198e+00 1.183001902563393992e+00
1.105894069411131664e+00 1.192232691094057495e+00
1.109296817317011907e+00 1.201504374821606103e+00
1.112699565222892373e+00 1.210817018137600565e+00
1.116102313128772838e+00 1.220170685756079010e+00
1.119505061034653304e+00 1.229565442712860390e+00
1.122907808940533547e+00 1.239001354364856144e+00
1.126310556846414013e+00 1.248478486389361652e+00
1.129713304752294478e+00 1.257996904783280412e+00
1.133116052658174944e+00 1.267556675862409721e+00
1.136518800564055187e+00 1.277157866260636876e+00
1.139921548469935653e+00 1.286800542929110946e+00
1.143324296375816118e+00 1.296484773135459623e+00
1.146727044281696584e+00 1.306210624462935899e+00
1.150129792187576827e+00 1.315978164809547213e+00
1.153532540093457293e+00 1.325787462387085336e+00
1.156935287999337758e+00 1.335638585720402727e+00
1.160338035905218002e+00 1.345531603646378915e+00
1.163740783811098467e+00 1.355466585312998573e+00
1.167143531716978933e+00 1.365443600178398054e+00
1.170546279622859398e+00 1.375462718009966334e+00
1.173949027528739641e+00 1.385524008883310509e+00
1.177351775434620107e+00 1.395627543181240160e+00
1.180754523340500572e+00 1.405773391592848309e+00
1.184157271246381038e+00 1.415961625112433842e+00
1.187560019152261281e+00 1.426192315038466774e+00
1.190962767058141747e+00 1.436465532972563519e+00
1.194365514964022212e+00 1.446781350818514111e+00
1.197768262869902456e+00 1.457139840781134232e+00
1.201171010775782921e+00 1.467541075365109915e+00
1.204573758681663387e+00 1.477985127374132235e+00
1.207976506587543852e+00 1.488472069909682727e+00
1.211379254493424096e+00 1.499001976369913836e+00
1.214782002399304561e+00 1.509574920448601532e+00
1.218184750305185027e+00 1.520190976134041749e+00
1.221587498211065492e+00 1.530850217707879102e+00
1.224990246116945736e+00 1.541552719744010425e+00
1.228392994022826201e+00 1.552298557107465449e+00
1.231795741928706667e+00 1.563087804953259718e+00
1.235198489834586910e+00 1.573920538725238627e+00
1.238601237740467376e+00 1.584796834154919010e+00
1.242003985646347841e+00 1.595716767260436653e+00
1.245406733552228307e+00 1.606680414345240449e+00
1.248809481458108550e+00 1.617687851997009485e+00
1.252212229363989016e+00 1.628739157086518397e+00
1.255614977269869481e+00 1.639834406766427222e+00
1.259017725175749947e+00 1.650973678470097683e+00
1.262420473081630190e+00 1.662157049910477635e+00
1.265823220987510656e+00 1.673384599078911572e+00
1.269225968893391121e+00 1.684656404243840999e+00
1.272628716799271364e+00 1.695972543949830325e+00
1.276031464705151830e+00 1.707333097016275891e+00
1.279434212611032295e+00 1.718738142536208935e+00
1.282836960516912761e+00 1.730187759875132736e+00
1.286239708422793004e+00 1.741682028669821580e+00
1.289642456328673470e+00 1.753221028827254724e+00
1.293045204234553935e+00 1.764804840523266138e+00
1.296447952140434401e+00 1.776433544201433179e+00
1.299850700046314644e+00 1.788107220571916178e+00
1.303253447952195110e+00 1.799825950610211223e+00
1.306656195858075575e+00 1.811589815556065686e+00
1.310058943763955819e+00 1.823398896912218792e+00
1.313461691669836284e+00 1.835253276443216119e+00
1.316864439575716750e+00 1.847153036174292273e+00
1.320267187481597215e+00 1.859098258390077696e+00
1.323669935387477459e+00 1.871089025633586589e+00
1.327072683293357924e+00 1.883125420704904851e+00
1.330475431199238390e+00 1.895207526660084518e+00
1.333878179105118855e+00 1.907335426809890100e+00
1.337280927010999099e+00 1.919509204718805817e+00
1.340683674916879564e+00 1.931728944203650045e+00
1.344086422822760030e+00 1.943994729332580329e+00
1.347489170728640273e+00 1.956306644423799312e+00
1.350891918634520739e+00 1.968664774044475596e+00
1.354294666540401204e+00 1.981069203009657720e+00
1.357697414446281670e+00 1.993520016380901261e+00
1.361100162352161913e+00 2.006017299465360448e+00
1.364502910258042379e+00 2.018561137814501638e+00
1.367905658163922844e+00 2.031151617222914485e+00
1.371308406069803310e+00 2.043788823727369586e+00
1.374711153975683553e+00 2.056472843605458234e+00
1.378113901881564018e+00 2.069203763374626970e+00
1.381516649787444484e+00 2.081981669790895939e+00
1.384919397693324949e+00 2.094806649847898328e+00
1.388322145599205193e+00 2.107678790775588951e+00
1.391724893505085658e+00 2.120598180039355185e+00
1.395127641410966124e+00 2.133564905338535933e+00
1.398530389316846367e+00 2.146579054605724401e+00
1.401933137222726833e+00 2.159640716005334138e+00
1.405335885128607298e+00 2.172749977932744603e+00
1.408738633034487764e+00 2.185906929013071931e+00
1.412141380940368007e+00 2.199111658099947686e+00
1.415544128846248473e+00 2.212364254274728381e+00
1.418946876752128938e+00 2.225664806845248922e+00
1.422349624658009404e+00 2.239013405344613794e+00
1.425752372563889647e+00 2.252410139530359956e+00
1.429155120469770113e+00 2.265855099383305760e+00
1.432557868375650578e+00 2.279348375106306168e+00
1.435960616281530822e+00 2.292890057123545322e+00
1.439363364187411287e+00 2.306480236079171853e+00
1.442766112093291753e+00 2.320119002836257938e+00
1.446168859999172218e+00 2.333806448475946205e+00
1.449571607905052462e+00 2.347542664296320858e+00
1.452974355810932927e+00 2.361327741811220626e+00
1.456377103716813393e+00 2.375161772749410538e+00
1.459779851622693858e+00 2.389044849053523656e+00
1.463182599528574102e+00 2.402977062878944636e+00
1.466585347434454567e+00 2.416958506592801204e+00
1.469988095340335033e+00 2.430989272772882792e+00
1.473390843246215276e+00 2.445069454206847404e+00
1.476793591152095741e+00 2.459199143891166006e+00
1.480196339057976207e+00 2.473378435029897293e+00
1.483599086963856672e+00 2.487607421033871891e+00
1.487001834869736916e+00 2.501886195519724687e+00
1.490404582775617381e+00 2.516214852308783279e+00
1.493807330681497847e+00 2.530593485426342770e+00
1.497210078587378312e+00 2.545022189100222931e+00
1.500612826493258556e+00 2.559501057760298348e+00
1.504015574399139021e+00 2.574030186037336243e+00
1.507418322305019487e+00 2.588609668761848948e+00
1.510821070210899730e+00 2.603239600963418887e+00
1.514223818116780196e+00 2.617920077869533735e+00
1.517626566022660661e+00 2.632651194904983338e+00
1.521029313928541127e+00 2.647433047690384011e+00
1.524432061834421370e+00 2.662265732041752653e+00
1.527834809740301836e+00 2.677149343969203343e+00
1.531237557646182301e+00 2.692083979676259897e+00
1.534640305552062767e+00 2.707069735558921053e+00
1.538043053457943010e+00 2.722106708204546255e+00
1.541445801363823476e+00 2.737194994391102032e+00
1.544848549269703941e+00 2.752334691086301799e+00
1.548251297175584185e+00 2.767525895446442785e+00
1.551654045081464650e+00 2.782768704815931748e+00
1.555056792987345116e+00 2.798063216726160096e+00
1.558459540893225581e+00 2.813409528894304401e+00
1.561862288799105825e+00 2.828807739223051509e+00
1.565265036704986290e+00 2.844257945799373744e+00
1.568667784610866756e+00 2.859760246893658486e+00
1.572070532516747221e+00 2.875314740958871518e+00
1.575473280422627465e+00 2.890921526629685268e+00
1.578876028328507930e+00 2.906580702721713649e+00
1.582278776234388395e+00 2.922292368230743786e+00
1.585681524140268639e+00 2.938056622331432166e+00
1.589084272046149104e+00 2.953873564376890304e+00
1.592487019952029570e+00 2.969743293897799674e+00
1.595889767857910035e+00 2.985665910601356554e+00
1.599292515763790279e+00 3.001641514370835484e+00
1.602695263669670744e+00 3.017670205264233019e+00
1.606098011575551210e+00 3.033752083513838294e+00
1.609500759481431675e+00 3.049887249525323973e+00
1.612903507387311919e+00 3.066075803876885608e+00
1.616306255293192384e+00 3.082317847318474247e+00
1.619709003199072850e+00 3.098613480771008621e+00
1.623111751104953315e+00 3.114962805325606876e+00
1.626514499010833559e+00 3.131365922242492328e+00
1.629917246916714024e+00 3.147822932950802954e+00
1.633319994822594490e+00 3.164333939047368371e+00
1.636722742728474733e+00 3.180899042295789236e+00
1.640125490634355199e+00 3.197518344626018028e+00
1.643528238540235664e+00 3.214191948133616972e+00
1.646930986446116130e+00 3.230919955078634498e+00
1.650333734351996373e+00 3.247702467885247746e+00
1.653736482257876839e+00 3.264539589140528442e+00
1.657139230163757304e+00 3.281431421594174669e+00
1.660541978069637770e+00 3.298378068157489906e+00
1.663944725975518013e+00 3.315379631902741320e+00
1.667347473881398479e+00 3.332436216062370615e+00
1.670750221787278944e+00 3.349547924028139612e+00
1.674152969693159188e+00 3.366714859350588895e+00
1.677555717599039653e+00 3.383937125738277096e+00
1.680958465504920119e+00 3.401214827057005063e+00
1.684361213410800584e+00 3.418548067329162610e+00
1.687763961316680827e+00 3.435936950732839001e+00
1.691166709222561293e+00 3.453381581601274064e+00
1.694569457128441758e+00 3.470882064422178725e+00
1.697972205034322224e+00 3.488438503836789106e+00
1.701374952940202467e+00 3.506051004639627600e+00
1.704777700846082933e+00 3.523719671777290952e+00
1.708180448751963398e+00 3.541444610347928901e+00
1.711583196657843642e+00 3.559225925600840501e+00
1.714985944563724107e+00 3.577063722935223566e+00
1.718388692469604573e+00 3.594958107900227517e+00
1.721791440375485038e+00 3.612909186193572264e+00
1.725194188281365282e+00 3.630917063661381672e+00
1.728596936187245747e+00 3.648981846297139064e+00
1.731999684093126213e+00 3.667103640241276885e+00
1.735402431999006678e+00 3.685282551780468818e+00
1.738805179904886922e+00 3.703518687346826876e+00
1.742207927810767387e+00 3.721812153517453758e+00
1.745610675716647853e+00 3.740163057013636383e+00
1.749013423622528096e+00 3.758571504700300991e+00
1.752416171528408562e+00 3.777037603585242209e+00
1.755818919434289027e+00 3.795561460818685173e+00
1.759221667340169493e+00 3.814143183692349837e+00
1.762624415246049736e+00 3.832782879639290652e+00
1.766027163151930202e+00 3.851480656232655786e+00
1.769429911057810667e+00 3.870236621185525916e+00
1.772832658963691133e+00 3.889050882350072236e+00
1.776235406869571376e+00 3.907923547717106594e+00
1.779638154775451842e+00 3.926854725415269698e+00
1.783040902681332307e+00 3.945844523710634988e+00
1.786443650587212550e+00 3.964893051005870195e+00
1.789846398493093016e+00 3.984000415839647147e+00
1.793249146398973481e+00 4.003166726886464133e+00
1.796651894304853947e+00 4.022392092955326071e+00
1.800054642210734190e+00 4.041676622989871071e+00
1.803457390116614656e+00 4.061020426067261546e+00
1.806860138022495121e+00 4.080423611397717032e+00
1.810262885928375587e+00 4.099886288324149142e+00
1.813665633834255830e+00 4.119408566321317799e+00
1.817068381740136296e+00 4.138990554995376492e+00
1.820471129646016761e+00 4.158632364083210575e+00
1.823873877551897005e+00 4.178334103452177040e+00
1.827276625457777470e+00 4.198095883098992509e+00
1.830679373363657936e+00 4.217917813149480111e+00
1.834082121269538401e+00 4.237800003858109399e+00
1.837484869175418645e+00 4.257742565607191665e+00
1.840887617081299110e+00 4.277745608906490027e+00
1.844290364987179576e+00 4.297809244392632344e+00
1.847693112893060041e+00 4.317933582828439754e+00
1.851095860798940285e+00 4.338118735102646006e+00
1.854498608704820750e+00 4.358364812228920471e+00
1.857901356610701216e+00 4.378671925345711813e+00
1.861304104516581459e+00 4.399040185715686668e+00
1.864706852422461925e+00 4.419469704724954262e+00
1.868109600328342390e+00 4.439960593882662288e+00
1.871512348234222856e+00 4.460512964820419590e+00
1.874915096140103099e+00 4.481126929291873395e+00
1.878317844045983565e+00 4.501802599171983665e+00
1.881720591951864030e+00 4.522540086456830366e+00
1.885123339857744496e+00 4.543339503262965096e+00
1.888526087763624739e+00 4.564200961826451852e+00
1.891928835669505204e+00 4.585124574502827954e+00
1.895331583575385670e+00 4.606110453766762092e+00
1.898734331481266135e+00 4.627158712211217662e+00
1.902137079387146379e+00 4.648269462546638309e+00
1.905539827293026844e+00 4.669442817600804929e+00
1.908942575198907310e+00 4.690678890318888072e+00
1.912345323104787553e+00 4.711977793761972677e+00
1.915748071010668019e+00 4.733339641106664608e+00
1.919150818916548484e+00 4.754764545645610241e+00
1.922553566822428950e+00 4.776252620785768954e+00
1.925956314728309193e+00 4.797803980048751527e+00
1.929359062634189659e+00 4.819418737069840475e+00
1.932761810540070124e+00 4.841097005597642777e+00
1.936164558445950590e+00 4.862838899493898026e+00
1.939567306351830833e+00 4.884644532732517419e+00
1.942970054257711299e+00 4.906514019399481619e+00
1.946372802163591764e+00 4.928447473692414427e+00
1.949775550069472008e+00 4.950445009919420158e+00
1.953178297975352473e+00 4.972506742499607668e+00
1.956581045881232939e+00 4.994632785961997890e+00
1.959983793787113404e+00 5.016823254945097510e+00
1.963386541692993648e+00 5.039078264196631629e+00
1.966789289598874113e+00 5.061397928572938021e+00
1.970192037504754579e+00 5.083782363038554131e+00
1.973594785410635044e+00 5.106231682665897331e+00
1.976997533316515288e+00 5.128746002634434475e+00
1.980400281222395753e+00 5.151325438230650811e+00
1.983803029128276219e+00 5.173970104847472662e+00
1.987205777034156462e+00 5.196680117983601299e+00
1.990608524940036927e+00 5.219455593243136349e+00
1.994011272845917393e+00 5.242296646335704580e+00
1.997414020751797858e+00 5.265203393075451821e+00
2.000816768657678324e+00 5.288175949380071295e+00
2.004219516563559012e+00 5.311214431271355174e+00
2.007622264469439255e+00 5.334318954874915697e+00
2.011025012375319498e+00 5.357489636418745427e+00
2.014427760281200186e+00 5.380726592233014749e+00
2.017830508187080429e+00 5.404029938750633200e+00
2.021233256092960673e+00 5.427399792505460674e+00
2.024636003998841360e+00 5.450836270132713324e+00
2.028038751904721604e+00 5.474339488368715756e+00
2.031441499810601847e+00 5.497909564049698439e+00
2.034844247716482535e+00 5.521546614111819018e+00
2.038246995622362778e+00 5.545250755591032643e+00
2.041649743528243466e+00 5.569022105621863616e+00
2.045052491434123709e+00 5.592860781438260709e+00
2.048455239340003953e+00 5.616766900371826132e+00
2.051857987245884640e+00 5.640740579851817316e+00
2.055260735151764884e+00 5.664781937405832579e+00
2.058663483057645127e+00 5.688891090657733685e+00
2.062066230963525815e+00 5.713068157328125451e+00
2.065468978869406058e+00 5.737313255234460563e+00
2.068871726775286302e+00 5.761626502289148632e+00
2.072274474681166989e+00 5.786008016500629125e+00
2.075677222587047233e+00 5.810457915972389031e+00
2.079079970492927920e+00 5.834976318902119097e+00
2.082482718398808164e+00 5.859563343582293804e+00
2.085885466304688407e+00 5.884219108399061149e+00
2.089288214210569095e+00 5.908943731832045465e+00
2.092690962116449338e+00 5.933737332454108504e+00
2.096093710022329581e+00 5.958600028930690407e+00
2.099496457928210269e+00 5.983531940019374495e+00
2.102899205834090512e+00 6.008533184570348240e+00
2.106301953739970756e+00 6.033603881524956414e+00
2.109704701645851443e+00 6.058744149915455068e+00
2.113107449551731687e+00 6.083954108865754939e+00
2.116510197457612374e+00 6.109233877589445250e+00
2.119912945363492618e+00 6.134583575390792909e+00
2.123315693269372861e+00 6.160003321663151787e+00
2.126718441175253549e+00 6.185493235889945929e+00
2.130121189081133792e+00 6.211053437643352382e+00
2.133523936987014036e+00 6.236684046584038299e+00
2.136926684892894723e+00 6.262385182460569411e+00
2.140329432798774967e+00 6.288156965110396790e+00
2.143732180704655210e+00 6.313999514458009443e+00
2.147134928610535898e+00 6.339912950514561274e+00
2.150537676516416141e+00 6.365897393378850744e+00
2.153940424422296829e+00 6.391952963235862484e+00
2.157343172328177072e+00 6.418079780356715780e+00
2.160745920234057316e+00 6.444277965098002880e+00
2.164148668139938003e+00 6.470547637902308580e+00
2.167551416045818247e+00 6.496888919297196807e+00
2.170954163951698490e+00 6.523301929894503637e+00
2.174356911857579178e+00 6.549786790390917268e+00
2.177759659763459421e+00 6.576343621566944186e+00
2.181162407669339665e+00 6.602972544286815904e+00
2.184565155575220352e+00 6.629673679498257144e+00
2.187967903481100596e+00 6.656447148232022215e+00
2.191370651386981283e+00 6.683293071601509538e+00
2.194773399292861527e+00 6.710211570802367298e+00
2.198176147198741770e+00 6.737202767112610680e+00
2.201578895104622458e+00 6.764266781891403291e+00
2.204981643010502701e+00 6.791403736579701089e+00
2.208384390916382944e+00 6.818613752699555164e+00
2.211787138822263632e+00 6.845896951853345236e+00
2.215189886728143875e+00 6.873253455724297467e+00
2.218592634634024119e+00 6.900683386075193049e+00
2.221995382539904806e+00 6.928186864748780316e+00
2.225398130445785050e+00 6.955764013667438128e+00
2.228800878351665737e+00 6.983414954832186439e+00
2.232203626257545981e+00 7.011139810323496313e+00
2.235606374163426224e+00 7.038938702299558869e+00
2.239009122069306912e+00 7.066811752996950524e+00
2.242411869975187155e+00 7.094759084730418941e+00
2.245814617881067399e+00 7.122780819891769255e+00
2.249217365786948086e+00 7.150877080950119868e+00
2.252620113692828330e+00 7.179047990451826067e+00
2.256022861598709017e+00 7.207293671019255221e+00
2.259425609504589261e+00 7.235614245351539964e+00
2.262828357410469504e+00 7.264009836223594974e+00
2.266231105316350192e+00 7.292480566485972204e+00
2.269633853222230435e+00 7.321026559064423900e+00
2.273036601128110679e+00 7.349647936960123751e+00
2.276439349033991366e+00 7.378344823248763618e+00
2.279842096939871610e+00 7.407117341080587281e+00
2.283244844845751853e+00 7.435965613679909936e+00
2.286647592751632541e+00 7.464889764344980527e+00
2.290050340657512784e+00 7.493889916447606936e+00
2.293453088563393472e+00 7.522966193432639948e+00
2.296855836469273715e+00 7.552118718818428000e+00
2.300258584375153958e+00 7.581347616195587946e+00
2.303661332281034646e+00 7.610653009227109855e+00
2.307064080186914889e+00 7.640035021648461822e+00
2.310466828092795133e+00 7.669493777266692014e+00
2.313869575998675820e+00 7.699029399959893993e+00
2.317272323904556064e+00 7.728642013678538980e+00
2.320675071810436307e+00 7.758331742443021817e+00
2.324077819716316995e+00 7.788098710344857345e+00
2.327480567622197238e+00 7.817943041546116412e+00
2.330883315528077926e+00 7.847864860278567001e+00
2.334286063433958169e+00 7.877864290844013517e+00
2.337688811339838413e+00 7.907941457613922864e+00
2.341091559245719100e+00 7.938096485029132232e+00
2.344494307151599344e+00 7.968329497599081712e+00
2.347897055057479587e+00 7.998640619902033677e+00
2.351299802963360275e+00 8.029029976585185580e+00
2.354702550869240518e+00 8.059497692363319032e+00
2.358105298775120762e+00 8.090043892019487259e+00
2.361508046681001449e+00 8.120668700404143792e+00
2.364910794586881693e+00 8.151372242435584781e+00
2.368313542492762380e+00 8.182154643098517255e+00
2.371716290398642624e+00 8.213016027445091183e+00
2.375119038304522867e+00 8.243956520593911819e+00
2.378521786210403555e+00 8.274976247729540546e+00
2.381924534116283798e+00 8.306075334102917651e+00
2.385327282022164042e+00 8.337253905030513224e+00
2.388730029928044729e+00 8.368512085894671770e+00
2.392132777833924973e+00 8.399850002142978056e+00
2.395535525739805216e+00 8.431267779287750841e+00
2.398938273645685904e+00 8.462765542905877680e+00
2.402341021551566147e+00 8.494343418639582310e+00
2.405743769457446835e+00 8.526001532194225518e+00
2.409146517363327078e+00 8.557740009340125908e+00
2.412549265269207321e+00 8.589558975910735583e+00
2.415952013175088009e+00 8.621458557803087785e+00
2.419354761080968252e+00 8.653438880977816439e+00
2.422757508986848496e+00 8.685500071457822102e+00
2.426160256892729183e+00 8.717642255329359102e+00
2.429563004798609427e+00 8.749865558740765437e+00
2.432965752704489670e+00 8.782170107903018774e+00
2.436368500610370358e+00 8.814556029088898015e+00
2.439771248516250601e+00 8.847023448632620912e+00
2.443173996422131289e+00 8.879572492930082106e+00
2.446576744328011532e+00 8.912203288438920623e+00
2.449979492233891776e+00 8.944915961676857208e+00
2.453382240139772463e+00 8.977710639223133171e+00
2.456784988045652707e+00 9.010587447717240295e+00
2.460187735951532950e+00 9.043546513859093139e+00
2.463590483857413638e+00 9.076587964408291853e+00
2.466993231763293881e+00 9.109711926184855812e+00
2.470395979669174125e+00 9.142918526067946416e+00
2.473798727575054812e+00 9.176207890995916827e+00
2.477201475480935056e+00 9.209580147966970998e+00
2.480604223386815743e+00 9.243035424037122638e+00
2.484006971292695987e+00 9.276573846322190064e+00
2.487409719198576230e+00 9.310195541995433643e+00
2.490812467104456918e+00 9.343900638288667793e+00
2.494215215010337161e+00 9.377689262492063804e+00
2.497617962916217405e+00 9.411561541952908172e+00
2.501020710822098092e+00 9.445517604076147933e+00
2.504423458727978336e+00 9.479557576324294743e+00
2.507826206633858579e+00 9.513681586216694797e+00
2.511228954539739266e+00 9.547889761329034997e+00
2.514631702445619510e+00 9.582182229294639697e+00
2.518034450351500197e+00 9.616559117802342627e+00
2.521437198257380441e+00 9.651020554597804946e+00
2.524839946163260684e+00 9.685566667481817049e+00
2.528242694069141372e+00 9.720197584311403460e+00
2.531645441975021615e+00 9.754913432999220646e+00
2.535048189880901859e+00 9.789714341513013451e+00
2.538450937786782546e+00 9.824600437875007586e+00
2.541853685692662790e+00 9.859571850163602491e+00
2.545256433598543033e+00 9.894628706510470550e+00
2.548659181504423721e+00 9.929771135102168245e+00
2.552061929410303964e+00 9.964999264179992267e+00
2.555464677316184652e+00 1.000031322203839856e+01
2.558867425222064895e+00 1.003571313702622270e+01
2.562270173127945139e+00 1.007119913754556251e+01
2.565672921033825826e+00 1.010677135205170885e+01
2.569075668939706070e+00 1.014242990905350972e+01
2.572478416845586313e+00 1.017817493711270060e+01
2.575881164751467001e+00 1.021400656484314950e+01
2.579283912657347244e+00 1.024992492091179841e+01
2.582686660563227488e+00 1.028593013403796874e+01
2.586089408469108175e+00 1.032202233299278049e+01
2.589492156374988419e+00 1.035820164659935649e+01
2.592894904280869106e+00 1.039446820373208702e+01
2.596297652186749350e+00 1.043082213331794961e+01
2.599700400092629593e+00 1.046726356433420868e+01
2.603103147998510281e+00 1.050379262580941386e+01
2.606505895904390524e+00 1.054040944682337688e+01
2.609908643810270767e+00 1.057711415650625675e+01
2.613311391716151455e+00 1.061390688403863791e+01
2.616714139622031698e+00 1.065078775865173277e+01
2.620116887527911942e+00 1.068775690962637448e+01
2.623519635433792629e+00 1.072481446629362445e+01
2.626922383339672873e+00 1.076196055803489671e+01
2.630325131245553560e+00 1.079919531427939106e+01
2.633727879151433804e+00 1.083651886450700985e+01
2.637130627057314047e+00 1.087393133824645020e+01
2.640533374963194735e+00 1.091143286507506538e+01
2.643936122869074978e+00 1.094902357461945819e+01
2.647338870774955222e+00 1.098670359655394968e+01
2.650741618680835909e+00 1.102447306060173915e+01
2.654144366586716153e+00 1.106233209653471761e+01
2.657547114492596396e+00 1.110028083417174649e+01
2.660949862398477084e+00 1.113831940337945170e+01
2.664352610304357327e+00 1.117644793407317216e+01
2.667755358210238015e+00 1.121466655621469677e+01
2.671158106116118258e+00 1.125297539981299977e+01
2.674560854021998502e+00 1.129137459492475415e+01
2.677963601927879189e+00 1.132986427165259258e+01
2.681366349833759433e+00 1.136844456014684290e+01
2.684769097739639676e+00 1.140711559060344804e+01
2.688171845645520364e+00 1.144587749326466231e+01
2.691574593551400607e+00 1.148473039841993781e+01
2.694977341457280851e+00 1.152367443640323685e+01
2.698380089363161538e+00 1.156270973759479226e+01
2.701782837269041782e+00 1.160183643242095108e+01
2.705185585174922469e+00 1.164105465135294537e+01
2.708588333080802713e+00 1.168036452490687616e+01
2.711991080986682956e+00 1.171976618364433165e+01
2.715393828892563644e+00 1.175925975817188451e+01
2.718796576798443887e+00 1.179884537914062648e+01
2.722199324704324130e+00 1.183852317724624648e+01
2.725602072610204818e+00 1.187829328322798794e+01
2.729004820516085061e+00 1.191815582787014982e+01
2.732407568421965305e+00 1.195811094200121971e+01
2.735810316327845992e+00 1.199815875649253449e+01
2.739213064233726236e+00 1.203829940225932482e+01
2.742615812139606923e+00 1.207853301026076842e+01
2.746018560045487167e+00 1.211885971149935415e+01
2.749421307951367410e+00 1.215927963701959591e+01
2.752824055857248098e+00 1.219979291790975395e+01
2.756226803763128341e+00 1.224039968530162170e+01
2.759629551669008585e+00 1.228110007036828044e+01
2.763032299574889272e+00 1.232189420432534455e+01
2.766435047480769516e+00 1.236278221843189584e+01
2.769837795386650203e+00 1.240376424398787591e+01
2.773240543292530447e+00 1.244484041233553384e+01
2.776643291198410690e+00 1.248601085485901407e+01
2.780046039104291378e+00 1.252727570298408111e+01
2.783448787010171621e+00 1.256863508817787256e+01
2.786851534916051865e+00 1.261008914194842845e+01
2.790254282821932552e+00 1.265163799584569482e+01
2.793657030727812796e+00 1.269328178145981312e+01
2.797059778633693039e+00 1.273502063042204036e+01
2.800462526539573727e+00 1.277685467440431211e+01
2.803865274445453970e+00 1.281878404511911818e+01
2.807268022351334658e+00 1.286080887431800157e+01
2.810670770257214901e+00 1.290292929379488207e+01
2.814073518163095144e+00 1.294514543538239515e+01
2.817476266068975832e+00 1.298745743095179428e+01
2.820879013974856075e+00 1.302986541241654628e+01
2.824281761880736319e+00 1.307236951172787620e+01
2.827684509786617006e+00 1.311496986087638916e+01
2.831087257692497250e+00 1.315766659189291765e+01
2.834490005598377493e+00 1.320045983684650004e+01
2.837892753504258181e+00 1.324334972784454578e+01
2.841295501410138424e+00 1.328633639703485514e+01
2.844698249316019112e+00 1.332941997660207001e+01
2.848100997221899355e+00 1.337260059877001517e+01
2.851503745127779599e+00 1.341587839580147801e+01
2.854906493033660286e+00 1.345925349999554044e+01
2.858309240939540530e+00 1.350272604369127372e+01
2.861711988845420773e+00 1.354629615926360309e+01
2.865114736751301461e+00 1.358996397912612863e+01
2.868517484657181704e+00 1.363372963573088192e+01
2.871920232563061948e+00 1.367759326156500777e+01
2.875322980468942635e+00 1.372155498915404692e+01
2.878725728374822879e+00 1.376561495106160038e+01
2.882128476280703566e+00 1.380977327988627223e+01
2.885531224186583810e+00 1.385403010826465575e+01
2.888933972092464053e+00 1.389838556886945398e+01
2.892336719998344741e+00 1.394283979440974797e+01
2.895739467904224984e+00 1.398739291763138048e+01
2.899142215810105228e+00 1.403204507131561130e+01
2.902544963715985915e+00 1.407679638828050805e+01
2.905947711621866159e+00 1.412164700137967621e+01
2.909350459527746402e+00 1.416659704350191085e+01
2.912753207433627090e+00 1.421164664757264617e+01
2.916155955339507333e+00 1.425679594655223070e+01
2.919558703245388021e+00 1.430204507343537124e+01
2.922961451151268264e+00 1.434739416125345279e+01
2.926364199057148507e+00 1.439284334307251534e+01
2.929766946963029195e+00 1.443839275199196059e+01
2.933169694868909438e+00 1.448404252114830548e+01
2.936572442774789682e+00 1.452979278371073413e+01
2.939975190680670369e+00 1.457564367288290974e+01
2.943377938586550613e+00 1.462159532190513644e+01
2.946780686492430856e+00 1.466764786404851328e+01
2.950183434398311544e+00 1.471380143262041429e+01
2.953586182304191787e+00 1.476005616096153261e+01
2.956988930210072475e+00 1.480641218244558388e+01
2.960391678115952718e+00 1.485286963048116959e+01
2.963794426021832962e+00 1.489942863850909305e+01
2.967197173927713649e+00 1.494608934000436840e+01
2.970599921833593893e+00 1.499285186847480666e+01
2.974002669739474136e+00 1.503971635746142788e+01
2.977405417645354824e+00 1.508668294053768300e+01
2.980808165551235067e+00 1.513375175131067785e+01
2.984210913457115311e+00 1.518092292341901661e+01
2.987613661362995998e+00 1.522819659053456043e+01
2.991016409268876242e+00 1.527557288636193178e+01
2.994419157174756929e+00 1.532305194463675946e+01
2.997821905080637173e+00 1.537063389912801803e+01
3.001224652986517416e+00 1.541831888363562797e+01
3.004627400892398104e+00 1.546610703199183945e+01
3.008030148798278347e+00 1.551399847806074561e+01
3.011432896704158590e+00 1.556199335573826836e+01
3.014835644610039278e+00 1.561009179895018839e+01
3.018238392515919521e+00 1.565829394165577249e+01
3.021641140421799765e+00 1.570659991784373766e+01
3.025043888327680452e+00 1.575500986153489613e+01
3.028446636233560696e+00 1.580352390678058683e+01
3.031849384139441383e+00 1.585214218766212468e+01
3.035252132045321627e+00 1.590086483829352737e+01
3.038654879951201870e+00 1.594969199281758243e+01
3.042057627857082558e+00 1.599862378540739272e+01
3.045460375762962801e+00 1.604766035026744930e+01
3.048863123668843045e+00 1.609680182163254614e+01
3.052265871574723732e+00 1.614604833376510840e+01
3.055668619480603976e+00 1.619540002096050912e+01
3.059071367386484219e+00 1.624485701754208122e+01
3.062474115292364907e+00 1.629441945786287960e+01
3.065876863198245150e+00 1.634408747630635261e+01
3.069279611104125838e+00 1.639386120728422114e+01
3.072682359010006081e+00 1.644374078523837923e+01
3.076085106915886325e+00 1.649372634463923504e+01
3.079487854821767012e+00 1.654381801998625079e+01
3.082890602727647256e+00 1.659401594580799966e+01
3.086293350633527499e+00 1.664432025666240378e+01
3.089696098539408187e+00 1.669473108713484777e+01
3.093098846445288430e+00 1.674524857183977034e+01
3.096501594351168674e+00 1.679587284541958780e+01
3.099904342257049361e+00 1.684660404254564625e+01
3.103307090162929605e+00 1.689744229791751806e+01
3.106709838068810292e+00 1.694838774626175848e+01
3.110112585974690536e+00 1.699944052233372815e+01
3.113515333880570779e+00 1.705060076091604060e+01
3.116918081786451467e+00 1.710186859682037408e+01
3.120320829692331710e+00 1.715324416488338954e+01
3.123723577598211953e+00 1.720472759997089085e+01
3.127126325504092641e+00 1.725631903697583525e+01
3.130529073409972884e+00 1.730801861081798165e+01
3.133931821315853128e+00 1.735982645644486055e+01
3.137334569221733815e+00 1.741174270882938302e+01
3.140737317127614059e+00 1.746376750297318026e+01
3.144140065033494746e+00 1.751590097390299405e+01
3.147542812939374990e+00 1.756814325667357224e+01
3.150945560845255233e+00 1.762049448636451743e+01
3.154348308751135921e+00 1.767295479808282721e+01
3.157751056657016164e+00 1.772552432696207703e+01
3.161153804562896408e+00 1.777820320816040933e+01
3.164556552468777095e+00 1.783099157686356762e+01
3.167959300374657339e+00 1.788388956828264043e+01
3.171362048280537582e+00 1.793689731765451612e+01
3.174764796186418270e+00 1.799001496024055058e+01
3.178167544092298513e+00 1.804324263132985706e+01
3.181570291998179201e+00 1.809658046623465211e+01
3.184973039904059444e+00 1.815002860029430920e+01
3.188375787809939688e+00 1.820358716887248107e+01
3.191778535715820375e+00 1.825725630735739813e+01
3.195181283621700619e+00 1.831103615116351335e+01
3.198584031527580862e+00 1.836492683572937423e+01
3.201986779433461550e+00 1.841892849651811659e+01
3.205389527339341793e+00 1.847304126901752852e+01
3.208792275245222037e+00 1.852726528874096346e+01
3.212195023151102724e+00 1.858160069122408586e+01
3.215597771056982968e+00 1.863604761202891780e+01
3.219000518962863655e+00 1.869060618673998775e+01
3.222403266868743898e+00 1.874527655096711598e+01
3.225806014774624142e+00 1.880005884034335395e+01
3.229208762680504829e+00 1.885495319052562735e+01
3.232611510586385073e+00 1.890995973719522993e+01
3.236014258492265316e+00 1.896507861605596545e+01
3.239417006398146004e+00 1.902030996283556519e+01
3.242819754304026247e+00 1.907565391328623505e+01
3.246222502209906935e+00 1.913111060318153278e+01
3.249625250115787178e+00 1.918668016831920653e+01
3.253027998021667422e+00 1.924236274452066908e+01
3.256430745927548109e+00 1.929815846762870635e+01
3.259833493833428353e+00 1.935406747351041901e+01
3.263236241739308596e+00 1.941008989805468588e+01
3.266638989645189284e+00 1.946622587717310893e+01
3.270041737551069527e+00 1.952247554680072739e+01
3.273444485456949771e+00 1.957883904289348109e+01
3.276847233362830458e+00 1.963531650143035279e+01
3.280249981268710702e+00 1.969190805841330061e+01
3.283652729174591389e+00 1.974861384986466817e+01
3.287055477080471633e+00 1.980543401182987040e+01
3.290458224986351876e+00 1.986236868037648051e+01
3.293860972892232564e+00 1.991941799159244297e+01
3.297263720798112807e+00 1.997658208158883042e+01
3.300666468703993051e+00 2.003386108649720398e+01
3.304069216609873738e+00 2.009125514247037358e+01
3.307471964515753982e+00 2.014876438568487771e+01
3.310874712421634225e+00 2.020638895233490118e+01
3.314277460327514913e+00 2.026412897863783513e+01
3.317680208233395156e+00 2.032198460083228042e+01
3.321082956139275844e+00 2.037995595517623215e+01
3.324485704045156087e+00 2.043804317795018477e+01
3.327888451951036330e+00 2.049624640545421528e+01
3.331291199856917018e+00 2.055456577400879326e+01
3.334693947762797261e+00 2.061300141995591417e+01
3.338096695668677505e+00 2.067155347965772094e+01
3.341499443574558192e+00 2.073022208949552692e+01
3.344902191480438436e+00 2.078900738587233477e+01
3.348304939386318679e+00 2.084790950520910258e+01
3.351707687292199367e+00 2.090692858394929488e+01
3.355110435198079610e+00 2.096606475855496043e+01
3.358513183103960298e+00 2.102531816550702715e+01
3.361915931009840541e+00 2.108468894130802340e+01
3.365318678915720785e+00 2.114417722247847564e+01
3.368721426821601472e+00 2.120378314555861365e+01
3.372124174727481716e+00 2.126350684710836347e+01
3.375526922633361959e+00 2.132334846370732251e+01
3.378929670539242647e+00 2.138330813195291569e+01
3.382332418445122890e+00 2.144338598846283972e+01
3.385735166351003134e+00 2.150358216987266857e+01
3.389137914256883821e+00 2.156389681283769022e+01
3.392540662162764065e+00 2.162433005403175201e+01
3.395943410068644752e+00 2.168488203014652882e+01
3.399346157974524996e+00 2.174784075119642779e+01
