y_bar r2
9.999999999999999547e-07 4.010129978713461724e-19
2.746989500121759138e-03 8.312452807217320248e-09
5.492979000243518144e-03 6.646313188429189145e-08
8.238968500365276282e-03 2.242710028656924388e-07
1.098495800048703529e-02 5.315523589033154236e-07
1.373094750060879429e-02 1.038118929579939120e-06
1.647693700073055503e-02 1.793775746565808890e-06
1.922292650085231230e-02 2.848318811360546409e-06
2.196891600097407304e-02 4.251532593682410231e-06
2.471490550109583378e-02 6.053187380699975620e-06
2.746089500121759105e-02 8.303036492415461807e-06
3.020688450133934833e-02 1.105081337536994001e-05
3.295287400146110907e-02 1.434622858469094627e-05
3.569886350158286981e-02 1.823896666296139486e-05
3.844485300170462361e-02 2.277868292324389647e-05
4.119084250182638435e-02 2.801500014272016790e-05
4.393683200194814509e-02 3.399750517272321948e-05
4.668282150206990583e-02 4.077574547039785637e-05
4.942881100219166657e-02 4.839922555678756428e-05
5.217480050231342037e-02 5.691740340578818901e-05
5.492079000243518111e-02 6.637968676811398542e-05
5.766677950255694185e-02 7.683542943417434254e-05
6.041276900267869565e-02 8.833392743955390263e-05
6.315875850280046333e-02 1.009244152166111866e-04
6.590474800292221713e-02 1.146560616955627564e-04
6.865073750304397093e-02 1.295779663582918048e-04
7.139672700316573861e-02 1.457391552480069498e-04
7.414271650328749241e-02 1.631885769377831483e-04
7.688870600340924621e-02 1.819750984609326495e-04
7.963469550353101389e-02 2.021475012060785809e-04
8.238068500365276770e-02 2.237544767797394675e-04
8.512667450377453537e-02 2.468446228391806452e-04
8.787266400389628918e-02 2.714664388982262404e-04
9.061865350401804298e-02 2.976683221086925393e-04
9.336464300413981066e-02 3.254985630200546974e-04
9.611063250426156446e-02 3.550053413199177844e-04
9.885662200438333214e-02 3.862367215578442156e-04
1.016026115045050859e-01 4.192406488550364635e-04
1.043486010046268397e-01 4.540649446023657903e-04
1.070945905047486074e-01 4.907573021491923619e-04
1.098405800048703612e-01 5.293652824854099123e-04
1.125865695049921150e-01 5.699363099191189592e-04
1.153325590051138827e-01 6.125176677522986904e-04
1.180785485052356365e-01 6.571564939568477499e-04
1.208245380053573903e-01 7.038997768533147674e-04
1.235705275054791580e-01 7.527943507946398532e-04
1.263165170056009257e-01 8.038868918571919061e-04
1.290625065057226795e-01 8.572239135413707535e-04
1.318084960058444333e-01 9.128517624840231911e-04
1.345544855059661871e-01 9.708166141848923944e-04
1.373004750060879409e-01 1.031164468749307160e-03
1.400464645062097224e-01 1.093941146649284697e-03
1.427924540063314762e-01 1.159192284505206581e-03
1.455384435064532300e-01 1.226963330890197372e-03
1.482844330065749838e-01 1.297299542159318980e-03
1.510304225066967376e-01 1.370245978305653037e-03
1.537764120068184914e-01 1.445847498845334068e-03
1.565224015069402730e-01 1.524148758733567853e-03
1.592683910070620268e-01 1.605194204313621685e-03
1.620143805071837806e-01 1.689028069300792505e-03
1.647603700073055344e-01 1.775694370803261330e-03
1.675063595074272882e-01 1.865236905381772742e-03
1.702523490075490697e-01 1.957699245150031162e-03
1.729983385076708235e-01 2.053124733917641859e-03
1.757443280077925774e-01 2.151556483377452863e-03
1.784903175079143312e-01 2.253037369339061340e-03
1.812363070080360850e-01 2.357610028010240395e-03
1.839822965081578665e-01 2.465316852328033187e-03
1.867282860082796203e-01 2.576199988341155381e-03
1.894742755084013741e-01 2.690301331645409896e-03
1.922202650085231279e-01 2.807662523873656526e-03
1.949662545086448817e-01 2.928324949241975332e-03
1.977122440087666633e-01 3.052329731153511760e-03
2.004582335088884171e-01 3.179717728861515720e-03
2.032042230090101709e-01 3.310529534193015766e-03
2.059502125091319247e-01 3.444805468334575550e-03
2.086962020092536785e-01 3.582585578681433611e-03
2.114421915093754323e-01 3.723909635751418597e-03
2.141881810094972138e-01 3.868817130164902817e-03
2.169341705096189676e-01 4.017347269692006680e-03
2.196801600097407214e-01 4.169538976368277437e-03
2.224261495098624752e-01 4.325430883680013612e-03
2.251721390099842290e-01 4.485061333820248609e-03
2.279181285101060106e-01 4.648468375016565762e-03
2.306641180102277644e-01 4.815689758931666377e-03
2.334101075103495182e-01 4.986762938137709496e-03
2.361560970104712720e-01 5.161725063665294211e-03
2.389020865105930258e-01 5.340612982627986581e-03
2.416480760107147796e-01 5.523463235923197802e-03
2.443940655108365612e-01 5.710312056010180375e-03
2.471400550109583150e-01 5.901195364765848307e-03
2.498860445110800688e-01 6.096148771419168146e-03
2.526320340112018226e-01 6.295207570564634314e-03
2.553780235113235486e-01 6.498406740255482754e-03
2.581240130114453302e-01 6.705780940177139861e-03
2.608700025115670562e-01 6.917364509901356880e-03
2.636159920116888378e-01 7.133191467221580533e-03
2.663619815118106193e-01 7.353295506569718608e-03
2.691079710119323454e-01 7.577709997514838272e-03
2.718539605120541269e-01 7.806467983343937621e-03
2.745999500121758530e-01 8.039602179725127001e-03
2.773459395122976345e-01 8.277144973453292101e-03
2.800919290124194161e-01 8.519128421278471253e-03
2.828379185125411421e-01 8.765584248816937415e-03
2.855839080126629237e-01 9.016543849545132286e-03
2.883298975127846497e-01 9.272038283876323297e-03
2.910758870129064313e-01 9.532098278320039891e-03
2.938218765130282129e-01 9.796754224724058338e-03
2.965678660131499389e-01 1.006603617959893511e-02
2.993138555132717205e-01 1.033997386352477135e-02
3.020598450133934465e-01 1.061859666063996906e-02
3.048058345135152281e-01 1.090193361821191476e-02
3.075518240136369541e-01 1.119001344628875634e-02
3.102978135137587357e-01 1.148286451743262861e-02
3.130438030138805172e-01 1.178051486653316528e-02
3.157897925140022433e-01 1.208299219070140679e-02
3.185357820141240248e-01 1.239032384924330411e-02
3.212817715142457509e-01 1.270253686371241447e-02
3.240277610143675324e-01 1.301965791804105509e-02
3.267737505144893140e-01 1.334171335874958023e-02
3.295197400146110400e-01 1.366872919523288120e-02
3.322657295147328216e-01 1.400073110012344836e-02
3.350117190148545476e-01 1.433774440973034463e-02
3.377577085149763292e-01 1.467979412455343823e-02
3.405036980150981107e-01 1.502690490987178967e-02
3.432496875152198368e-01 1.537910109640565869e-02
3.459956770153416183e-01 1.573640668105110232e-02
3.487416665154633444e-01 1.609884532768639936e-02
3.514876560155851259e-01 1.646644036804928782e-02
3.542336455157069075e-01 1.683921480268400078e-02
3.569796350158286335e-01 1.721719130195741715e-02
3.597256245159504151e-01 1.760039220714294111e-02
3.624716140160721412e-01 1.798883953157133508e-02
3.652176035161939227e-01 1.838255496184740961e-02
3.679635930163157043e-01 1.878155985913137344e-02
3.707095825164374303e-01 1.918587526048395886e-02
3.734555720165592119e-01 1.959552188027390354e-02
3.762015615166809379e-01 2.001052011164702882e-02
3.789475510168027195e-01 2.043089002805533252e-02
3.816935405169245010e-01 2.085665138484523243e-02
3.844395300170462271e-01 2.128782362090366614e-02
3.871855195171680086e-01 2.172442586036069101e-02
3.899315090172897347e-01 2.216647691434767142e-02
3.926774985174115162e-01 2.261399528280945079e-02
3.954234880175332978e-01 2.306699915636954007e-02
3.981694775176550238e-01 2.352550641824676866e-02
4.009154670177768054e-01 2.398953464622271756e-02
4.036614565178985314e-01 2.445910111465746800e-02
4.064074460180203130e-01 2.493422279655392246e-02
4.091534355181420390e-01 2.541491636566793264e-02
4.118994250182638206e-01 2.590119819866421730e-02
4.146454145183856022e-01 2.639308437731526999e-02
4.173914040185073282e-01 2.689059069074381178e-02
4.201373935186291098e-01 2.739373263770551736e-02
4.228833830187508358e-01 2.790252542891204918e-02
4.256293725188726174e-01 2.841698398939263709e-02
4.283753620189943989e-01 2.893712296089248973e-02
4.311213515191161250e-01 2.946295670430786745e-02
4.338673410192379065e-01 2.999449930215464591e-02
4.366133305193596326e-01 3.053176456107077261e-02
4.393593200194814141e-01 3.107476601435067362e-02
4.421053095196031957e-01 3.162351692450978552e-02
4.448512990197249217e-01 3.217803028587837288e-02
4.475972885198467033e-01 3.273831882722397224e-02
4.503432780199684293e-01 3.330439501439960703e-02
4.530892675200902109e-01 3.387627105301787428e-02
4.558352570202119924e-01 3.445395889114882121e-02
4.585812465203337185e-01 3.503747022204050515e-02
4.613272360204555000e-01 3.562681648686128605e-02
4.640732255205772261e-01 3.622200887746304665e-02
4.668192150206990076e-01 3.682305833916135057e-02
4.695652045208207892e-01 3.742997557353491128e-02
4.723111940209425152e-01 3.804277104124233200e-02
4.750571835210642968e-01 3.866145496485174499e-02
4.778031730211860229e-01 3.928603733168636869e-02
4.805491625213078044e-01 3.991652789668245077e-02
4.832951520214295305e-01 4.055293618525886157e-02
4.860411415215513120e-01 4.119527149619727630e-02
4.887871310216730936e-01 4.184354290453171088e-02
4.915331205217948196e-01 4.249775926444621793e-02
4.942791100219166012e-01 4.315792921218029876e-02
4.970250995220383272e-01 4.382406116893965142e-02
4.997710890221601088e-01 4.449616334381239352e-02
5.025170785222818903e-01 4.517424373668849080e-02
5.052630680224037274e-01 4.585831014118284255e-02
5.080090575225254534e-01 4.654837014756083025e-02
5.107550470226471795e-01 4.724443114566134055e-02
5.135010365227690166e-01 4.794650032782449972e-02
5.162470260228907426e-01 4.865458469181403733e-02
5.189930155230124686e-01 4.936869104373965700e-02
5.217390050231341947e-01 5.008882600097635390e-02
5.244849945232560318e-01 5.081499599507832698e-02
5.272309840233777578e-01 5.154720727468963676e-02
5.299769735234994839e-01 5.228546590844800751e-02
5.327229630236213209e-01 5.302977778788213470e-02
5.354689525237430470e-01 5.378014863030187998e-02
5.382149420238647730e-01 5.453658398168127058e-02
5.409609315239864991e-01 5.529908921952905038e-02
5.437069210241083361e-01 5.606766955575217398e-02
5.464529105242300622e-01 5.684233003950817098e-02
5.491989000243517882e-01 5.762307556004588049e-02
5.519448895244736253e-01 5.840991084953449375e-02
5.546908790245953513e-01 5.920284048587735187e-02
5.574368685247170774e-01 6.000186889551551578e-02
5.601828580248389144e-01 6.080700035621715988e-02
5.629288475249606405e-01 6.161823899984802261e-02
5.656748370250823665e-01 6.243558881513060904e-02
5.684208265252040926e-01 6.325905365038655970e-02
5.711668160253259297e-01 6.408863721626170684e-02
5.739128055254476557e-01 6.492434308843204882e-02
5.766587950255693817e-01 6.576617471029655437e-02
5.794047845256912188e-01 6.661413539564754738e-02
5.821507740258129449e-01 6.746822833132386232e-02
5.848967635259346709e-01 6.832845657984745746e-02
5.876427530260565080e-01 6.919482308203341037e-02
5.903887425261782340e-01 7.006733065958613282e-02
5.931347320262999601e-01 7.094598201767475520e-02
5.958807215264216861e-01 7.183077974748161565e-02
5.986267110265435232e-01 7.272172632873655229e-02
6.013727005266652492e-01 7.361882413222484156e-02
6.041186900267869753e-01 7.452207542227425041e-02
6.068646795269088123e-01 7.543148235922092493e-02
6.096106690270305384e-01 7.634704700184907766e-02
6.123566585271522644e-01 7.726877130981166242e-02
6.151026480272739905e-01 7.819665714602518081e-02
6.178486375273958275e-01 7.913070627904111864e-02
6.205946270275175536e-01 8.007092038539490031e-02
6.233406165276392796e-01 8.101730105192685161e-02
6.260866060277611167e-01 8.196984977808383088e-02
6.288325955278828427e-01 8.292856797819234127e-02
6.315785850280045688e-01 8.389345698371153404e-02
6.343245745281264059e-01 8.486451804545362687e-02
6.370705640282481319e-01 8.584175233578415776e-02
6.398165535283698580e-01 8.682516095080103358e-02
6.425625430284915840e-01 8.781474491247893976e-02
6.453085325286134211e-01 8.881050517079293327e-02
6.480545220287351471e-01 8.981244260581876249e-02
6.508005115288568732e-01 9.082055802980443238e-02
6.535465010289787102e-01 9.183485218921416671e-02
6.562924905291004363e-01 9.285532576674994376e-02
6.590384800292221623e-01 9.388197938334734427e-02
6.617844695293439994e-01 9.491481360014164537e-02
6.645304590294657254e-01 9.595382892041202927e-02
6.672764485295874515e-01 9.699902579149716209e-02
6.700224380297091775e-01 9.805040460668372482e-02
6.727684275298310146e-01 9.910796570707328113e-02
6.755144170299527406e-01 1.001717093834190997e-01
6.782604065300744667e-01 1.012416358779378300e-01
6.810063960301963037e-01 1.023177453860983216e-01
6.837523855303180298e-01 1.034000380583758594e-01
6.864983750304397558e-01 1.044885140019918279e-01
6.892443645305615929e-01 1.055831732826218727e-01
6.919903540306833190e-01 1.066840159260738774e-01
6.947363435308050450e-01 1.077910419199492459e-01
6.974823330309267710e-01 1.089042512152757630e-01
7.002283225310486081e-01 1.100236437281072455e-01
7.029743120311703342e-01 1.111492193411042356e-01
7.057203015312920602e-01 1.122809779050986251e-01
7.084662910314138973e-01 1.134189192406154234e-01
7.112122805315356233e-01 1.145630431393765830e-01
7.139582700316573494e-01 1.157133493657846457e-01
7.167042595317790754e-01 1.168698376583770238e-01
7.194502490319009125e-01 1.180325077312574938e-01
7.221962385320226385e-01 1.192013592754992413e-01
7.249422280321443646e-01 1.203763919605279620e-01
7.276882175322662016e-01 1.215576054354824964e-01
7.304342070323879277e-01 1.227449993305428505e-01
7.331801965325096537e-01 1.239385732582434507e-01
7.359261860326314908e-01 1.251383268147588934e-01
7.386721755327532168e-01 1.263442595811643254e-01
7.414181650328749429e-01 1.275563711246769927e-01
7.441641545329966689e-01 1.287746609998721425e-01
7.469101440331185060e-01 1.299991287498772075e-01
7.496561335332402320e-01 1.312297739075368452e-01
7.524021230333619581e-01 1.324665959965695694e-01
7.551481125334837952e-01 1.337095945326857716e-01
7.578941020336055212e-01 1.349587690246952243e-01
7.606400915337272473e-01 1.362141189755909643e-01
7.633860810338490843e-01 1.374756438836030048e-01
7.661320705339708104e-01 1.387433432432431391e-01
7.688780600340925364e-01 1.400172165463199614e-01
7.716240495342142625e-01 1.412972632829372910e-01
7.743700390343360995e-01 1.425834829424582340e-01
7.771160285344578256e-01 1.438758750144831788e-01
7.798620180345795516e-01 1.451744389897690890e-01
7.826080075347013887e-01 1.464791743611372210e-01
7.853539970348231147e-01 1.477900806243831744e-01
7.880999865349448408e-01 1.491071572791497768e-01
7.908459760350666778e-01 1.504304038297755441e-01
7.935919655351884039e-01 1.517598197861376175e-01
7.963379550353101299e-01 1.530954046644622257e-01
7.990839445354318560e-01 1.544371579881297085e-01
8.018299340355536931e-01 1.557850792884580282e-01
8.045759235356754191e-01 1.571391681054584988e-01
8.073219130357971451e-01 1.584994239885786638e-01
8.100679025359189822e-01 1.598658464974382354e-01
8.128138920360407083e-01 1.612384352025281187e-01
8.155598815361624343e-01 1.626171896859081312e-01
8.183058710362841603e-01 1.640021095418812969e-01
8.210518605364059974e-01 1.653931943776476843e-01
8.237978500365277235e-01 1.667904438139511669e-01
8.265438395366494495e-01 1.681938574856985669e-01
8.292898290367712866e-01 1.696034350425739967e-01
8.320358185368930126e-01 1.710191761496318574e-01
8.347818080370147387e-01 1.724410804878669656e-01
8.375277975371365757e-01 1.738691477547825714e-01
8.402737870372583018e-01 1.753033776649400577e-01
8.430197765373800278e-01 1.767437699504833537e-01
8.457657660375017539e-01 1.781903243616605459e-01
8.485117555376235909e-01 1.796430406673270308e-01
8.512577450377453170e-01 1.811019186554293781e-01
8.540037345378670430e-01 1.825669581334876668e-01
8.567497240379888801e-01 1.840381589290487896e-01
8.594957135381106061e-01 1.855155208901335950e-01
8.622417030382323322e-01 1.869990438856818649e-01
8.649876925383541693e-01 1.884887278059540205e-01
8.677336820384758953e-01 1.899845725629518423e-01
8.704796715385976213e-01 1.914865780908147908e-01
8.732256610387193474e-01 1.929947443462034784e-01
8.759716505388411845e-01 1.945090713086495282e-01
8.787176400389629105e-01 1.960295589809337991e-01
8.814636295390846366e-01 1.975562073894430448e-01
8.842096190392064736e-01 1.990890165844688420e-01
8.869556085393281997e-01 2.006279866405660528e-01
8.897015980394499257e-01 2.021731176568436761e-01
8.924475875395716518e-01 2.037244097572755430e-01
8.951935770396934888e-01 2.052818630909879760e-01
8.979395665398152149e-01 2.068454778325374277e-01
9.006855560399369409e-01 2.084152541821834570e-01
9.034315455400587780e-01 2.099911923661489099e-01
9.061775350401805040e-01 2.115732926368642797e-01
9.089235245403022301e-01 2.131615552732023799e-01
9.116695140404240671e-01 2.147559805807236211e-01
9.144155035405457932e-01 2.163565688918845098e-01
9.171614930406675192e-01 2.179633205662491746e-01
9.199074825407892453e-01 2.195762359906869854e-01
9.226534720409110824e-01 2.211953155795868264e-01
9.253994615410328084e-01 2.228205597750116396e-01
9.281454510411545344e-01 2.244519690468894935e-01
9.308914405412763715e-01 2.260895438931924128e-01
9.336374300413980976e-01 2.277332848400636101e-01
9.363834195415198236e-01 2.293831924419972579e-01
9.391294090416416607e-01 2.310392672819786553e-01
9.418753985417633867e-01 2.327015099715921409e-01
9.446213880418851128e-01 2.343699211511909297e-01
9.473673775420068388e-01 2.360445014899837102e-01
9.501133670421286759e-01 2.377252516861597109e-01
9.528593565422504019e-01 2.394121724670094653e-01
9.556053460423721280e-01 2.411052645890018331e-01
9.583513355424939650e-01 2.428045288378693767e-01
9.610973250426156911e-01 2.445099660287308740e-01
9.638433145427374171e-01 2.462215770061515208e-01
9.665893040428591432e-01 2.479393626442052134e-01
9.693352935429809802e-01 2.496633238465498228e-01
9.720812830431027063e-01 2.513934615465007738e-01
9.748272725432244323e-01 2.531297767070674887e-01
9.775732620433462694e-01 2.548722703210081764e-01
9.803192515434679954e-01 2.566209434108874810e-01
9.830652410435897215e-01 2.583757970290942452e-01
9.858112305437115586e-01 2.601368322578956893e-01
9.885572200438332846e-01 2.619040502094366341e-01
9.913032095439550107e-01 2.636774520257953447e-01
9.940491990440767367e-01 2.654570388789807556e-01
9.967951885441985738e-01 2.672428119709501781e-01
9.995411780443202998e-01 2.690347725336242890e-01
1.002287167544442026e+00 2.708329218288756945e-01
1.005033157044563641e+00 2.726372611485344821e-01
1.007779146544685478e+00 2.744477918144042627e-01
1.010525136044807315e+00 2.762645151782274211e-01
1.013271125544928930e+00 2.780874326216651871e-01
1.016017115045050767e+00 2.799165455563060734e-01
1.018763104545172604e+00 2.817518554236518868e-01
1.021509094045294219e+00 2.835933636950306314e-01
1.024255083545416056e+00 2.854410718716445250e-01
1.027001073045537893e+00 2.872949814845032757e-01
1.029747062545659508e+00 2.891550940943686254e-01
1.032493052045781345e+00 2.910214112917445251e-01
1.035239041545902960e+00 2.928939346968333912e-01
1.037985031046024798e+00 2.947726659594773202e-01
1.040731020546146635e+00 2.966576067591141785e-01
1.043477010046268250e+00 2.985487588047197605e-01
1.046222999546390087e+00 3.004461238347720387e-01
1.048968989046511924e+00 3.023497036171693408e-01
1.051714978546633539e+00 3.042594999491758379e-01
1.054460968046755376e+00 3.061755146573889030e-01
1.057206957546877213e+00 3.080977495976187641e-01
1.059952947046998828e+00 3.100262066548658546e-01
1.062698936547120665e+00 3.119608877432423211e-01
1.065444926047242502e+00 3.139017948058712704e-01
1.068190915547364117e+00 3.158489298148410840e-01
1.070936905047485954e+00 3.178022947711131030e-01
1.073682894547607791e+00 3.197618917044608433e-01
1.076428884047729406e+00 3.217277226733642470e-01
1.079174873547851243e+00 3.236997897649351308e-01
1.081920863047972858e+00 3.256780950948500730e-01
1.084666852548094695e+00 3.276626408072219609e-01
1.087412842048216532e+00 3.296534290745474771e-01
1.090158831548338147e+00 3.316504620976097883e-01
1.092904821048459985e+00 3.336537421053789032e-01
1.095650810548581822e+00 3.356632713549198010e-01
1.098396800048703437e+00 3.376790521312879600e-01
1.101142789548825274e+00 3.397010867474432594e-01
1.103888779048947111e+00 3.417293775441729298e-01
1.106634768549068726e+00 3.437639268899384537e-01
1.109380758049190563e+00 3.458047371808180004e-01
1.112126747549312400e+00 3.478518108404057840e-01
1.114872737049434015e+00 3.499051503196676238e-01
1.117618726549555852e+00 3.519647580968751077e-01
1.120364716049677689e+00 3.540306366774992886e-01
1.123110705549799304e+00 3.561027885940814541e-01
1.125856695049921141e+00 3.581812164061349835e-01
1.128602684550042978e+00 3.602659227000487574e-01
1.131348674050164593e+00 3.623569100889607597e-01
1.134094663550286430e+00 3.644541812126692037e-01
1.136840653050408045e+00 3.665577387374896468e-01
1.139586642550529882e+00 3.686675853561742211e-01
1.142332632050651720e+00 3.707837237877767977e-01
1.145078621550773335e+00 3.729061567775567299e-01
1.147824611050895172e+00 3.750348870968875370e-01
1.150570600551017009e+00 3.771699175430408557e-01
1.153316590051138624e+00 3.793112509392215226e-01
1.156062579551260461e+00 3.814588901343405336e-01
1.158808569051382298e+00 3.836128380029142360e-01
1.161554558551503913e+00 3.857730974450323536e-01
1.164300548051625750e+00 3.879396713861056334e-01
1.167046537551747587e+00 3.901125627768654569e-01
1.169792527051869202e+00 3.922917745931891464e-01
1.172538516551991039e+00 3.944773098359863339e-01
1.175284506052112876e+00 3.966691715311264077e-01
1.178030495552234491e+00 3.988673627292406709e-01
1.180776485052356328e+00 4.010718865056749349e-01
1.183522474552477943e+00 4.032827459603249287e-01
1.186268464052599780e+00 4.054999442175558633e-01
1.189014453552721617e+00 4.077234844260707036e-01
1.191760443052843232e+00 4.099533697587658398e-01
1.194506432552965070e+00 4.121896034126342756e-01
1.197252422053086907e+00 4.144321886086714812e-01
1.199998411553208522e+00 4.166811285916936503e-01
1.202744401053330359e+00 4.189364266302842976e-01
1.205490390553452196e+00 4.211980860166431029e-01
1.208236380053573811e+00 4.234661100664616762e-01
1.210982369553695648e+00 4.257405021188225280e-01
1.213728359053817485e+00 4.280212655360622898e-01
1.216474348553939100e+00 4.303084037036790654e-01
1.219220338054060937e+00 4.326019200301975398e-01
1.221966327554182774e+00 4.349018179470304779e-01
1.224712317054304389e+00 4.372081009084072822e-01
1.227458306554426226e+00 4.395207723912523123e-01
1.230204296054547841e+00 4.418398358949773286e-01
1.232950285554669678e+00 4.441652949415053619e-01
1.235696275054791515e+00 4.464971530750364570e-01
1.238442264554913130e+00 4.488354138620094802e-01
1.241188254055034967e+00 4.511800808909496863e-01
1.243934243555156804e+00 4.535311577723142862e-01
1.246680233055278419e+00 4.558886481384849532e-01
1.249426222555400257e+00 4.582525556435547709e-01
1.252172212055522094e+00 4.606228839632003358e-01
1.254918201555643709e+00 4.629996367947024627e-01
1.257664191055765546e+00 4.653828178566878915e-01
1.260410180555887383e+00 4.677724308890640059e-01
1.263156170056008998e+00 4.701684796529267407e-01
1.265902159556130835e+00 4.725709679304165300e-01
1.268648149056252672e+00 4.749798995246574118e-01
1.271394138556374287e+00 4.773952782595382582e-01
1.274140128056496124e+00 4.798171079797408090e-01
1.276886117556617961e+00 4.822453925505285066e-01
1.279632107056739576e+00 4.846801358576512397e-01
1.282378096556861413e+00 4.871213418072596890e-01
1.285124086056983028e+00 4.895690143257890869e-01
1.287870075557104865e+00 4.920231573598279895e-01
1.290616065057226702e+00 4.944837748760740337e-01
1.293362054557348317e+00 4.969508708610969050e-01
1.296108044057470154e+00 4.994244493213788605e-01
1.298854033557591992e+00 5.019045142831087825e-01
1.301600023057713607e+00 5.043910697921210051e-01
1.304346012557835444e+00 5.068841199137406051e-01
1.307092002057957281e+00 5.093836687327584212e-01
1.309837991558078896e+00 5.118897203532458695e-01
1.312583981058200733e+00 5.144022788984758954e-01
1.315329970558322570e+00 5.169213485108477002e-01
1.318075960058444185e+00 5.194469333517395260e-01
1.320821949558566022e+00 5.219790376014715738e-01
1.323567939058687859e+00 5.245176654590927301e-01
1.326313928558809474e+00 5.270628211423805665e-01
1.329059918058931311e+00 5.296145088876962337e-01
1.331805907559052926e+00 5.321727329498897596e-01
1.334551897059174763e+00 5.347374976022274407e-01
1.337297886559296600e+00 5.373088071362150941e-01
1.340043876059418215e+00 5.398866658615857350e-01
1.342789865559540052e+00 5.424710781061512499e-01
1.345535855059661889e+00 5.450620482157287894e-01
1.348281844559783504e+00 5.476595805540086515e-01
1.351027834059905341e+00 5.502636795025334093e-01
1.353773823560027179e+00 5.528743494605169451e-01
1.356519813060148794e+00 5.554915948447446405e-01
1.359265802560270631e+00 5.581154200895795947e-01
1.362011792060392468e+00 5.607458296467896508e-01
1.364757781560514083e+00 5.633828279854441456e-01
1.367503771060635920e+00 5.660264195918638386e-01
1.370249760560757757e+00 5.686766089695222126e-01
1.372995750060879372e+00 5.713334006389225728e-01
1.375741739561001209e+00 5.739967991375272138e-01
1.378487729061123046e+00 5.766668090196698238e-01
1.381233718561244661e+00 5.793434348564829861e-01
1.383979708061366498e+00 5.820266812357696162e-01
1.386725697561488113e+00 5.847165527619266889e-01
1.389471687061609950e+00 5.874130540558515357e-01
1.392217676561731787e+00 5.901161897549140889e-01
1.394963666061853402e+00 5.928259645127784694e-01
1.397709655561975239e+00 5.955423829993850005e-01
1.400455645062097076e+00 5.982654499008175364e-01
1.403201634562218691e+00 6.009951699192330743e-01
1.405947624062340529e+00 6.037315477728388835e-01
1.408693613562462366e+00 6.064745881957149809e-01
1.411439603062583981e+00 6.092242959377536238e-01
1.414185592562705818e+00 6.119806757646126805e-01
1.416931582062827655e+00 6.147437324576507933e-01
1.419677571562949270e+00 6.175134708137508532e-01
1.422423561063071107e+00 6.202898956453331003e-01
1.425169550563192944e+00 6.230730117802495416e-01
1.427915540063314559e+00 6.258628240616387339e-01
1.430661529563436396e+00 6.286593373479577584e-01
1.433407519063558011e+00 6.314625565128417772e-01
1.436153508563679848e+00 6.342724864450307587e-01
1.438899498063801685e+00 6.370891320483063058e-01
1.441645487563923300e+00 6.399124982413514351e-01
1.444391477064045137e+00 6.427425899577942081e-01
1.447137466564166974e+00 6.455794121459905721e-01
1.449883456064288589e+00 6.484229697691158423e-01
1.452629445564410426e+00 6.512732678049770740e-01
1.455375435064532263e+00 6.541303112458995983e-01
1.458121424564653879e+00 6.569941050987716524e-01
1.460867414064775716e+00 6.598646543849240320e-01
1.463613403564897553e+00 6.627419641399514560e-01
1.466359393065019168e+00 6.656260394138961978e-01
1.469105382565141005e+00 6.685168852709070242e-01
1.471851372065262842e+00 6.714145067893425578e-01
1.474597361565384457e+00 6.743189090616014125e-01
1.477343351065506294e+00 6.772300971941104253e-01
1.480089340565628131e+00 6.801480763072809133e-01
1.482835330065749746e+00 6.830728515353305941e-01
1.485581319565871583e+00 6.860044280263047911e-01
1.488327309065993198e+00 6.889428109420456803e-01
1.491073298566115035e+00 6.918880054580121008e-01
1.493819288066236872e+00 6.948400167632777791e-01
1.496565277566358487e+00 6.977988500604976885e-01
1.499311267066480324e+00 7.007645105657790419e-01
1.502057256566602161e+00 7.037370035086236708e-01
1.504803246066723776e+00 7.067163341319466774e-01
1.507549235566845613e+00 7.097025076918928033e-01
1.510295225066967451e+00 7.126955294578924960e-01
1.513041214567089066e+00 7.156954047124922669e-01
1.515787204067210903e+00 7.187021387513545800e-01
1.518533193567332740e+00 7.217157368832072262e-01
1.521279183067454355e+00 7.247362044297201988e-01
1.524025172567576192e+00 7.277635467255240131e-01
1.526771162067698029e+00 7.307977691180721491e-01
1.529517151567819644e+00 7.338388769676615908e-01
1.532263141067941481e+00 7.368868756473749837e-01
1.535009130568063096e+00 7.399417705428625869e-01
1.537755120068184933e+00 7.430035670524977043e-01
1.540501109568306770e+00 7.460722705872001592e-01
1.543247099068428385e+00 7.491478865704371826e-01
1.545993088568550222e+00 7.522304204380743098e-01
1.548739078068672059e+00 7.553198776383895918e-01
1.551485067568793674e+00 7.584162636321076789e-01
1.554231057068915511e+00 7.615195838921681171e-01
1.556977046569037348e+00 7.646298439037685357e-01
1.559723036069158963e+00 7.677470491643344497e-01
1.562469025569280801e+00 7.708712051833475076e-01
1.565215015069402638e+00 7.740023174823746910e-01
1.567961004569524253e+00 7.771403915951311525e-01
1.570706994069646090e+00 7.802854330672193139e-01
1.573452983569767927e+00 7.834374474562133539e-01
1.576198973069889542e+00 7.865964403314955611e-01
1.578944962570011379e+00 7.897624172743455961e-01
1.581690952070133216e+00 7.929353838778204766e-01
1.584436941570254831e+00 7.961153457466477734e-01
1.587182931070376668e+00 7.993023084973003289e-01
1.589928920570498283e+00 8.024962777578223960e-01
1.592674910070620120e+00 8.056972591679035789e-01
1.595420899570741957e+00 8.089052583787513795e-01
1.598166889070863572e+00 8.121202810529930538e-01
1.600912878570985409e+00 8.153423328648007340e-01
1.603658868071107246e+00 8.185714194996588366e-01
1.606404857571228861e+00 8.218075466544607632e-01
1.609150847071350698e+00 8.250507200373782268e-01
1.611896836571472535e+00 8.283009453678115142e-01
1.614642826071594151e+00 8.315582283764308968e-01
1.617388815571715988e+00 8.348225748050392969e-01
1.620134805071837825e+00 8.380939904065795032e-01
1.622880794571959440e+00 8.413724809450749964e-01
1.625626784072081277e+00 8.446580521955646681e-01
1.628372773572203114e+00 8.479507099440789508e-01
1.631118763072324729e+00 8.512504599876765665e-01
1.633864752572446566e+00 8.545573081342571209e-01
1.636610742072568181e+00 8.578712602025483358e-01
1.639356731572690018e+00 8.611923220222548192e-01
1.642102721072811855e+00 8.645204994337370996e-01
1.644848710572933470e+00 8.678557982881335287e-01
1.647594700073055307e+00 8.711982244473236436e-01
1.650340689573177144e+00 8.745477837837752899e-01
1.653086679073298759e+00 8.779044821806799570e-01
1.655832668573420596e+00 8.812683255317833586e-01
1.658578658073542433e+00 8.846393197413460197e-01
1.661324647573664048e+00 8.880174707241895726e-01
1.664070637073785885e+00 8.914027844055610883e-01
1.666816626573907723e+00 8.947952667211694910e-01
1.669562616074029338e+00 8.981949236171316020e-01
1.672308605574151175e+00 9.016017610499028612e-01
1.675054595074273012e+00 9.050157849863033066e-01
1.677800584574394627e+00 9.084370014033616991e-01
1.680546574074516464e+00 9.118654162884256564e-01
1.683292563574638079e+00 9.153010356390648417e-01
1.686038553074759916e+00 9.187438654629705992e-01
1.688784542574881753e+00 9.221939117780419970e-01
1.691530532075003368e+00 9.256511806122674768e-01
1.694276521575125205e+00 9.291156780036824436e-01
1.697022511075247042e+00 9.325874100004294398e-01
1.699768500575368657e+00 9.360663826605700732e-01
1.702514490075490494e+00 9.395526020522627642e-01
1.705260479575612331e+00 9.430460742535243801e-01
1.708006469075733946e+00 9.465468053522564373e-01
1.710752458575855783e+00 9.500548014463126023e-01
1.713498448075977620e+00 9.535700686432699857e-01
1.716244437576099235e+00 9.570926130607168014e-01
1.718990427076221073e+00 9.606224408259285141e-01
1.721736416576342910e+00 9.641595580758461903e-01
1.724482406076464525e+00 9.677039709571915171e-01
1.727228395576586362e+00 9.712556856264508154e-01
1.729974385076708199e+00 9.748147082495841609e-01
1.732720374576829814e+00 9.783810450023949778e-01
1.735466364076951651e+00 9.819547020701594464e-01
1.738212353577073266e+00 9.855356856476883420e-01
1.740958343077195103e+00 9.891240019394169636e-01
1.743704332577316940e+00 9.927196571593175367e-01
1.746450322077438555e+00 9.963226575307109201e-01
1.749196311577560392e+00 9.999330092864560093e-01
1.751942301077682229e+00 1.003550718668832387e+00
1.754688290577803844e+00 1.007175791929485920e+00
1.757434280077925681e+00 1.010808235329453408e+00
1.760180269578047518e+00 1.014448055139160365e+00
1.762926259078169133e+00 1.018095257638180984e+00
1.765672248578290970e+00 1.021749849115520581e+00
1.768418238078412807e+00 1.025411835869461719e+00
1.771164227578534422e+00 1.029081224207427425e+00
1.773910217078656260e+00 1.032758020446021163e+00
1.776656206578778097e+00 1.036442230911149398e+00
1.779402196078899712e+00 1.040133861937787563e+00
1.782148185579021549e+00 1.043832919870066211e+00
1.784894175079143164e+00 1.047539411061190417e+00
1.787640164579265001e+00 1.051253341873446656e+00
1.790386154079386838e+00 1.054974718678221679e+00
1.793132143579508453e+00 1.058703547855910143e+00
1.795878133079630290e+00 1.062439835795856879e+00
1.798624122579752127e+00 1.066183588896338685e+00
1.801370112079873742e+00 1.069934813564793474e+00
1.804116101579995579e+00 1.073693516217479438e+00
1.806862091080117416e+00 1.077459703279457282e+00
1.809608080580239031e+00 1.081233381184799391e+00
1.812354070080360868e+00 1.085014556376433292e+00
1.815100059580482705e+00 1.088803235305974448e+00
1.817846049080604320e+00 1.092599424434071542e+00
1.820592038580726157e+00 1.096403130230006795e+00
1.823338028080847995e+00 1.100214359171953094e+00
1.826084017580969610e+00 1.104033117746677117e+00
1.828830007081091447e+00 1.107859412449824443e+00
1.831575996581213284e+00 1.111693249785652204e+00
1.834321986081334899e+00 1.115534636267041302e+00
1.837067975581456736e+00 1.119383578415728664e+00
1.839813965081578351e+00 1.123240082761892245e+00
1.842559954581700188e+00 1.127104155844423028e+00
1.845305944081822025e+00 1.130975804210826885e+00
1.848051933581943640e+00 1.134855034417103115e+00
1.850797923082065477e+00 1.138741853027908313e+00
1.853543912582187314e+00 1.142636266616326335e+00
1.856289902082308929e+00 1.146538281763992195e+00
1.859035891582430766e+00 1.150447905061123599e+00
1.861781881082552603e+00 1.154365143106349301e+00
1.864527870582674218e+00 1.158290002506664917e+00
1.867273860082796055e+00 1.162222489877598131e+00
1.870019849582917892e+00 1.166162611843141850e+00
1.872765839083039507e+00 1.170110375035534611e+00
1.875511828583161344e+00 1.174065786095584762e+00
1.878257818083283182e+00 1.178028851672259014e+00
1.881003807583404797e+00 1.181999578422975095e+00
1.883749797083526634e+00 1.185977973013582432e+00
1.886495786583648249e+00 1.189964042117961585e+00
1.889241776083770086e+00 1.193957792418473662e+00
1.891987765583891923e+00 1.197959230605768033e+00
1.894733755084013538e+00 1.201968363378590476e+00
1.897479744584135375e+00 1.205985197444101376e+00
1.900225734084257212e+00 1.210009739517478033e+00
1.902971723584378827e+00 1.214041996322287043e+00
1.905717713084500664e+00 1.218081974590164318e+00
1.908463702584622501e+00 1.222129681060865725e+00
1.911209692084744116e+00 1.226185122482532863e+00
1.913955681584865953e+00 1.230248305611123749e+00
1.916701671084987790e+00 1.234319237210863340e+00
1.919447660585109405e+00 1.238397924054090549e+00
1.922193650085231242e+00 1.242484372921202285e+00
1.924939639585353079e+00 1.246578590600634806e+00
1.927685629085474694e+00 1.250680583888837294e+00
1.930431618585596532e+00 1.254790359590448157e+00
1.933177608085718147e+00 1.258907924517949972e+00
1.935923597585839984e+00 1.263033285491859781e+00
1.938669587085961821e+00 1.267166449340824341e+00
1.941415576586083436e+00 1.271307422901158057e+00
1.944161566086205273e+00 1.275456213017462703e+00
1.946907555586327110e+00 1.279612826542104287e+00
1.949653545086448725e+00 1.283777270335309417e+00
1.952399534586570562e+00 1.287949551265401782e+00
1.955145524086692399e+00 1.292129676208489730e+00
1.957891513586814014e+00 1.296317652048506019e+00
1.960637503086935851e+00 1.300513485677327052e+00
1.963383492587057688e+00 1.304717183994660301e+00
1.966129482087179303e+00 1.308928753908057185e+00
1.968875471587301140e+00 1.313148202332884429e+00
1.971621461087422977e+00 1.317375536192340491e+00
1.974367450587544592e+00 1.321610762417299911e+00
1.977113440087666429e+00 1.325853887946594645e+00
1.979859429587788267e+00 1.330104919726600388e+00
1.982605419087909882e+00 1.334363864711711756e+00
1.985351408588031719e+00 1.338630729863933500e+00
1.988097398088153334e+00 1.342905522152759046e+00
1.990843387588275171e+00 1.347188248555912127e+00
1.993589377088397008e+00 1.351478916058333590e+00
1.996335366588518623e+00 1.355777531652902823e+00
1.999081356088640460e+00 1.360084102340044510e+00
2.001827345588762519e+00 1.364398635128022841e+00
2.004573335088884356e+00 1.368721137032397284e+00
2.007319324589006193e+00 1.373051615076799070e+00
2.010065314089127586e+00 1.377390076292213772e+00
2.012811303589249423e+00 1.381736527717095653e+00
2.015557293089371260e+00 1.386090976397997387e+00
2.018303282589493097e+00 1.390453429388603501e+00
2.021049272089614934e+00 1.394823893750153365e+00
2.023795261589736327e+00 1.399202376551784255e+00
2.026541251089858164e+00 1.403588884870020426e+00
2.029287240589980001e+00 1.407983425788787324e+00
2.032033230090101839e+00 1.412386006399525940e+00
2.034779219590223676e+00 1.416796633801479244e+00
2.037525209090345513e+00 1.421215315101245880e+00
2.040271198590466906e+00 1.425642057412675356e+00
2.043017188090588743e+00 1.430076867857452916e+00
2.045763177590710580e+00 1.434519753564538203e+00
2.048509167090832417e+00 1.438970721670193686e+00
2.051255156590954254e+00 1.443429779318515571e+00
2.054001146091076091e+00 1.447896933660772545e+00
2.056747135591197484e+00 1.452372191855549444e+00
2.059493125091319321e+00 1.456855561069085203e+00
2.062239114591441158e+00 1.461347048474948229e+00
2.064985104091562995e+00 1.465846661253941585e+00
2.067731093591684832e+00 1.470354406594456931e+00
2.070477083091806225e+00 1.474870291692031987e+00
2.073223072591928062e+00 1.479394323749788631e+00
2.075969062092049899e+00 1.483926509977942398e+00
2.078715051592171736e+00 1.488466857594306081e+00
2.081461041092293573e+00 1.493015373823867398e+00
2.084207030592415411e+00 1.497572065898768345e+00
2.086953020092536804e+00 1.502136941058771047e+00
2.089699009592658641e+00 1.506710006550770808e+00
2.092444999092780478e+00 1.511291269628903589e+00
2.095190988592902315e+00 1.515880737554656132e+00
2.097936978093024152e+00 1.520478417596713205e+00
2.100682967593145989e+00 1.525084317031043302e+00
2.103428957093267382e+00 1.529698443140803610e+00
2.106174946593389219e+00 1.534320803216454365e+00
2.108920936093511056e+00 1.538951404555744862e+00
2.111666925593632893e+00 1.543590254463323541e+00
2.114412915093754730e+00 1.548237360251374595e+00
2.117158904593876123e+00 1.552892729239311320e+00
2.119904894093997960e+00 1.557556368753182152e+00
2.122650883594119797e+00 1.562228286126928101e+00
2.125396873094241634e+00 1.566908488701269198e+00
2.128142862594363471e+00 1.571596983823847493e+00
2.130888852094485308e+00 1.576293778850025751e+00
2.133634841594606701e+00 1.580998881141985724e+00
2.136380831094728538e+00 1.585712298068926440e+00
2.139126820594850376e+00 1.590434037007329993e+00
2.141872810094972213e+00 1.595164105340795002e+00
2.144618799595094050e+00 1.599902510459904725e+00
2.147364789095215887e+00 1.604649259762467306e+00
2.150110778595337280e+00 1.609404360653205579e+00
2.152856768095459117e+00 1.614167820544024856e+00
2.155602757595580954e+00 1.618939646853932768e+00
2.158348747095702791e+00 1.623719847008925354e+00
2.161094736595824628e+00 1.628508428442035916e+00
2.163840726095946021e+00 1.633305398593328128e+00
2.166586715596067858e+00 1.638110764909926464e+00
2.169332705096189695e+00 1.642924534845999762e+00
2.172078694596311532e+00 1.647746715862626443e+00
2.174824684096433369e+00 1.652577315427996796e+00
2.177570673596555206e+00 1.657416341017274641e+00
2.180316663096676599e+00 1.662263800112536938e+00
2.183062652596798436e+00 1.667119700202860155e+00
2.185808642096920273e+00 1.671984048784383781e+00
2.188554631597042111e+00 1.676856853360175981e+00
2.191300621097163948e+00 1.681738121440092604e+00
2.194046610597285785e+00 1.686627860541066726e+00
2.196792600097407178e+00 1.691526078187102877e+00
2.199538589597529015e+00 1.696432781908897347e+00
2.202284579097650852e+00 1.701347979244186570e+00
2.205030568597772689e+00 1.706271677737642545e+00
2.207776558097894526e+00 1.711203884940699416e+00
2.210522547598015919e+00 1.716144608411739769e+00
2.213268537098137756e+00 1.721093855716203880e+00
2.216014526598259593e+00 1.726051634426371217e+00
2.218760516098381430e+00 1.731017952121022940e+00
2.221506505598503267e+00 1.735992816386334958e+00
2.224252495098625104e+00 1.740976234815034163e+00
2.226998484598746497e+00 1.745968215006709512e+00
2.229744474098868334e+00 1.750968764567947256e+00
2.232490463598990171e+00 1.755977891111910827e+00
2.235236453099112008e+00 1.760995602258869530e+00
2.237982442599233845e+00 1.766021905635764888e+00
2.240728432099355683e+00 1.771056808876395605e+00
2.243474421599477076e+00 1.776100319621266799e+00
2.246220411099598913e+00 1.781152445517786065e+00
2.248966400599720750e+00 1.786213194220150680e+00
2.251712390099842587e+00 1.791282573389270327e+00
2.254458379599964424e+00 1.796360590692976711e+00
2.257204369100086261e+00 1.801447253805685378e+00
2.259950358600207654e+00 1.806542570408580239e+00
2.262696348100329491e+00 1.811646548189814077e+00
2.265442337600451328e+00 1.816759194844061120e+00
2.268188327100573165e+00 1.821880518072832356e+00
2.270934316600695002e+00 1.827010525584351175e+00
2.273680306100816395e+00 1.832149225093537392e+00
2.276426295600938232e+00 1.837296624322187322e+00
2.279172285101060069e+00 1.842452730998621835e+00
2.281918274601181906e+00 1.847617552857810708e+00
2.284664264101303743e+00 1.852791097641659723e+00
2.287410253601425580e+00 1.857973373098730230e+00
2.290156243101546973e+00 1.863164386983932053e+00
2.292902232601668810e+00 1.868364147059381475e+00
2.295648222101790648e+00 1.873572661093365621e+00
2.298394211601912485e+00 1.878789936861061660e+00
2.301140201102034322e+00 1.884015982144485069e+00
2.303886190602156159e+00 1.889250804731976707e+00
2.306632180102277552e+00 1.894494412418646245e+00
2.309378169602399389e+00 1.899746813006238710e+00
2.312124159102521226e+00 1.905008014303155806e+00
2.314870148602643063e+00 1.910278024124457241e+00
2.317616138102764900e+00 1.915556850291712854e+00
2.320362127602886293e+00 1.920844500633172025e+00
2.323108117103008130e+00 1.926140982983668426e+00
2.325854106603129967e+00 1.931446305184564283e+00
2.328600096103251804e+00 1.936760475083971977e+00
2.331346085603373641e+00 1.942083500536419427e+00
2.334092075103495478e+00 1.947415389403212238e+00
2.336838064603616871e+00 1.952756149552012266e+00
2.339584054103738708e+00 1.958105788857059437e+00
2.342330043603860545e+00 1.963464315199341836e+00
2.345076033103982382e+00 1.968831736466225557e+00
2.347822022604104220e+00 1.974208060551764454e+00
2.350568012104226057e+00 1.979593295356323335e+00
2.353314001604347450e+00 1.984987448786985853e+00
2.356059991104469287e+00 1.990390528757500332e+00
2.358805980604591124e+00 1.995802543187761291e+00
2.361551970104712961e+00 2.001223500004314371e+00
2.364297959604834798e+00 2.006653407140380097e+00
2.367043949104956191e+00 2.012092272535590531e+00
2.369789938605078028e+00 2.017540104135959300e+00
2.372535928105199865e+00 2.022996909894120510e+00
2.375281917605321702e+00 2.028462697769219503e+00
2.378027907105443539e+00 2.033937475726578903e+00
2.380773896605565376e+00 2.039421251738393615e+00
2.383519886105686769e+00 2.044914033783113094e+00
2.386265875605808606e+00 2.050415829845809057e+00
2.389011865105930443e+00 2.055926647917512451e+00
2.391757854606052280e+00 2.061446495996368533e+00
2.394503844106174117e+00 2.066975382086609248e+00
2.397249833606295955e+00 2.072513314198820567e+00
2.399995823106417348e+00 2.078060300350260459e+00
2.402741812606539185e+00 2.083616348564532927e+00
2.405487802106661022e+00 2.089181466871374404e+00
2.408233791606782859e+00 2.094755663307321214e+00
2.410979781106904696e+00 2.100338945915316557e+00
2.413725770607026089e+00 2.105931322744276635e+00
2.416471760107147926e+00 2.111532801849799412e+00
2.419217749607269763e+00 2.117143391294006083e+00
2.421963739107391600e+00 2.122763099145252408e+00
2.424709728607513437e+00 2.128391933478075426e+00
2.427455718107635274e+00 2.134029902373656640e+00
2.430201707607756667e+00 2.139677013919485837e+00
2.432947697107878504e+00 2.145333276209252737e+00
2.435693686608000341e+00 2.150998697343227128e+00
2.438439676108122178e+00 2.156673285427958220e+00
2.441185665608244015e+00 2.162357048575983320e+00
2.443931655108365852e+00 2.168049994906729783e+00
2.446677644608487245e+00 2.173752132545739624e+00
2.449423634108609082e+00 2.179463469624712602e+00
2.452169623608730920e+00 2.185184014281781106e+00
2.454915613108852757e+00 2.190913774661555014e+00
2.457661602608974594e+00 2.196652758914488413e+00
2.460407592109095987e+00 2.202400975197783772e+00
2.463153581609217824e+00 2.208158431674955402e+00
2.465899571109339661e+00 2.213925136515527026e+00
2.468645560609461498e+00 2.219701097895226294e+00
2.471391550109583335e+00 2.225486323996443527e+00
2.474137539609705172e+00 2.231280823007666392e+00
2.476883529109826565e+00 2.237084603123402626e+00
2.479629518609948402e+00 2.242897672544871490e+00
2.482375508110070239e+00 2.248720039479340294e+00
2.485121497610192076e+00 2.254551712140002717e+00
2.487867487110313913e+00 2.260392698746814588e+00
2.490613476610435750e+00 2.266243007525780673e+00
2.493359466110557143e+00 2.272102646708982654e+00
2.496105455610678980e+00 2.277971624534775419e+00
2.498851445110800817e+00 2.283849949248013100e+00
2.501597434610922654e+00 2.289737629099419358e+00
2.504343424111044492e+00 2.295634672346155369e+00
2.507089413611166329e+00 2.301541087251427253e+00
2.509835403111287722e+00 2.307456882084723215e+00
2.512581392611409559e+00 2.313382065121706965e+00
2.515327382111531396e+00 2.319316644644115133e+00
2.518073371611653233e+00 2.325260628940331031e+00
2.520819361111775070e+00 2.331214026304162967e+00
2.523565350611896463e+00 2.337176845036047279e+00
2.526311340112018300e+00 2.343149093442817854e+00
2.529057329612140137e+00 2.349130779836940075e+00
2.531803319112261974e+00 2.355121912537404771e+00
2.534549308612383811e+00 2.361122499869166447e+00
2.537295298112505648e+00 2.367132550163294269e+00
2.540041287612627041e+00 2.373152071757011150e+00
2.542787277112748878e+00 2.379181072994031698e+00
2.545533266612870715e+00 2.385219562223863221e+00
2.548279256112992552e+00 2.391267547801846138e+00
2.551025245613114389e+00 2.397325038090039939e+00
2.553771235113236227e+00 2.403392041456376305e+00
2.556517224613357619e+00 2.409468566274648449e+00
2.559263214113479457e+00 2.415554620925199458e+00
2.562009203613601294e+00 2.421650213794121598e+00
2.564755193113723131e+00 2.427755353273697736e+00
2.567501182613844968e+00 2.433870047762237920e+00
2.570247172113966361e+00 2.439994305664383134e+00
2.572993161614088198e+00 2.446128135390541747e+00
2.575739151114210035e+00 2.452271545357082694e+00
2.578485140614331872e+00 2.458424543987127286e+00
2.581231130114453709e+00 2.464587139709150332e+00
2.583977119614575546e+00 2.470759340957809247e+00
2.586723109114696939e+00 2.476941156174151004e+00
2.589469098614818776e+00 2.483132593804898924e+00
2.592215088114940613e+00 2.489333662302844363e+00
2.594961077615062450e+00 2.495544370127092293e+00
2.597707067115184287e+00 2.501764725742604778e+00
2.600453056615306124e+00 2.507994737620137915e+00
2.603199046115427517e+00 2.514234414236796944e+00
2.605945035615549354e+00 2.520483764075722721e+00
2.608691025115671192e+00 2.526742795625676941e+00
2.611437014615793029e+00 2.533011517381851707e+00
2.614183004115914866e+00 2.539289937845095935e+00
2.616928993616036259e+00 2.545578065522375422e+00
2.619674983116158096e+00 2.551875908926800829e+00
2.622420972616279933e+00 2.558183476577181370e+00
2.625166962116401770e+00 2.564500776998561271e+00
2.627912951616523607e+00 2.570827818721664215e+00
2.630658941116645444e+00 2.577164610283344981e+00
2.633404930616766837e+00 2.583511160226668046e+00
2.636150920116888674e+00 2.589867477100064264e+00
2.638896909617010511e+00 2.596233569458417545e+00
2.641642899117132348e+00 2.602609445862306803e+00
2.644388888617254185e+00 2.608995114878250199e+00
2.647134878117376022e+00 2.615390585078958274e+00
2.649880867617497415e+00 2.621795865042555018e+00
2.652626857117619252e+00 2.628210963353752483e+00
2.655372846617741089e+00 2.634635888602610887e+00
2.658118836117862926e+00 2.641070649385305558e+00
2.660864825617984764e+00 2.647515254303908883e+00
2.663610815118106157e+00 2.653969711966490230e+00
2.666356804618227994e+00 2.660434030986907672e+00
2.669102794118349831e+00 2.666908219985097972e+00
2.671848783618471668e+00 2.673392287586470406e+00
2.674594773118593505e+00 2.679886242422493403e+00
2.677340762618715342e+00 2.686390093130817114e+00
2.680086752118836735e+00 2.692903848354682772e+00
2.682832741618958572e+00 2.699427516743076350e+00
2.685578731119080409e+00 2.705961106951082051e+00
2.688324720619202246e+00 2.712504627639461763e+00
2.691070710119324083e+00 2.719058087475270113e+00
2.693816699619445920e+00 2.725621495130765570e+00
2.696562689119567313e+00 2.732194859284174271e+00
2.699308678619689150e+00 2.738778188619992449e+00
2.702054668119810987e+00 2.745371491828106247e+00
2.704800657619932824e+00 2.751974777604451194e+00
2.707546647120054661e+00 2.758588054650655597e+00
2.710292636620176498e+00 2.765211331674223061e+00
2.713038626120297891e+00 2.771844617388589338e+00
2.715784615620419729e+00 2.778487920512705767e+00
2.718530605120541566e+00 2.785141249771485583e+00
2.721276594620663403e+00 2.791804613895652043e+00
2.724022584120785240e+00 2.798478021621673140e+00
2.726768573620906633e+00 2.805161481691658132e+00
2.729514563121028470e+00 2.811855002853766994e+00
2.732260552621150307e+00 2.818558593862037664e+00
2.735006542121272144e+00 2.825272263475504531e+00
2.737752531621393981e+00 2.831996020459961017e+00
2.740498521121515818e+00 2.838729873586387065e+00
2.743244510621637211e+00 2.846372320086429486e+00
