sr b Me
0.000000000000000000e+00 8.997446622200934030e+01 2.280939290290835419e+00
1.730059066800773454e-04 8.994241343226268270e+01 2.280940548150485192e+00
3.726738345725016163e-04 8.987374959180071698e+01 2.280946507794078038e+00
6.152292638422658666e-04 8.979778335278228951e+01 2.280958288533788902e+00
8.894652282996977051e-04 8.971702975066062891e+01 2.280976786859787442e+00
1.189139126885447543e-03 8.963258381173753264e+01 2.281002717526249057e+00
1.510386365441640337e-03 8.954509643221150839e+01 2.281036684137847548e+00
1.850555034775257365e-03 8.945500648189506876e+01 2.281079214701480673e+00
2.207692640943578408e-03 8.936263268272750793e+01 2.281130781777511718e+00
2.580289466982386287e-03 8.926821834778750997e+01 2.281191815141268009e+00
2.967135845300779111e-03 8.917195606141028463e+01 2.281262710325394849e+00
3.367236054725828050e-03 8.907400250919344842e+01 2.281343834689834704e+00
3.779753026301434834e-03 8.897448796800561865e+01 2.281435531908720726e+00
4.203971048557933639e-03 8.887352268084482887e+01 2.281538125391827432e+00
4.639269603547464295e-03 8.877120130809556997e+01 2.281651920960001245e+00
5.085104411164223341e-03 8.866760613557194404e+01 2.281777208981120797e+00
5.540993322884119748e-03 8.856280944842572467e+01 2.281914266105347089e+00
6.006505583920797656e-03 8.845687532756426208e+01 2.282063356695894996e+00
6.481253499506863143e-03 8.834986103545119818e+01 2.282224734023952983e+00
6.964885857613835503e-03 8.824181810315421615e+01 2.282398641277790130e+00
7.457082661231645253e-03 8.813279319563078218e+01 2.282585312423317969e+00
7.957550854565103443e-03 8.802282880947690558e+01 2.282784972944345903e+00
8.466020815554161846e-03 8.791196384211200154e+01 2.282997840484283447e+00
8.982243447583516255e-03 8.780023406092146843e+01 2.283224125406265514e+00
9.505987745624626742e-03 8.768767249356906746e+01 2.283464031285113549e+00
1.003703874230981244e-02 8.757430975548597019e+01 2.283717755341900801e+00
1.057519576140195441e-02 8.746017432677508907e+01 2.283985488829755717e+00
1.112027092230859215e-02 8.734529278800133056e+01 2.284267417378030185e+00
1.167208785138022613e-02 8.722969002227624458e+01 2.284563721300604922e+00
1.223048056487841678e-02 8.711338938949124611e+01 2.284874575873198754e+00
1.279529249549674931e-02 8.699641287736838535e+01 2.285200151583699490e+00
1.336637563972827188e-02 8.687878123308377099e+01 2.285540614358906097e+00
1.394358980759734246e-02 8.676051407850833641e+01 2.285896125770556786e+00
1.452680195960175634e-02 8.664163001155225174e+01 2.286266843223090373e+00
1.511588561835490278e-02 8.652214669565786664e+01 2.286652920125220589e+00
1.571072034453450603e-02 8.640208093913295784e+01 2.287054506047133007e+00
1.631119126845168368e-02 8.628144876573340127e+01 2.287471746864849997e+00
1.691718866994028000e-02 8.616026547767457089e+01 2.287904784893121768e+00
1.752860760039929092e-02 8.603854571206409219e+01 2.288353759008011856e+00
1.814534754175250314e-02 8.591630349159606794e+01 2.288818804760206049e+00
1.876731209785958629e-02 8.579355227022000463e+01 2.289300054479965763e+00
1.939440871455271748e-02 8.567030497439387204e+01 2.289797637374494599e+00
2.002654842500780838e-02 8.554657404044340296e+01 2.290311679618449947e+00
2.066364561760790017e-02 8.542237144847722163e+01 2.290842304438211130e+00
2.130561782383505118e-02 8.529770875324585688e+01 2.291389632190466763e+00
2.195238552404727220e-02 8.517259711228136609e+01 2.291953780435611598e+00
2.260387196926978357e-02 8.504704731161054099e+01 2.292534864006412487e+00
2.326000301736226572e-02 8.492106978929707850e+01 2.293132995072320934e+00
2.392070698212328886e-02 8.479467465703685036e+01 2.293748283199821270e+00
2.458591449406426557e-02 8.466787172000245221e+01 2.294380835409101760e+00
2.525555837173321452e-02 8.454067049511020571e+01 2.295030756227374180e+00
2.592957350259646881e-02 8.441308022786287779e+01 2.295698147739098083e+00
2.660789673259766203e-02 8.428510990790259427e+01 2.296383109633328701e+00
2.729046676360986218e-02 8.415676828339474014e+01 2.297085739248443392e+00
2.797722405808134721e-02 8.402806387434959845e+01 2.297806131614420710e+00
2.866811075024927255e-02 8.389900498497662795e+01 2.298544379492861278e+00
2.936307056336058888e-02 8.376959971515699976e+01 2.299300573414917448e+00
3.006204873239651590e-02 8.363985597111023651e+01 2.300074801717290729e+00
3.076499193184732348e-02 8.350978147532396179e+01 2.300867150576421327e+00
3.147184820812882339e-02 8.337938377580753979e+01 2.301677704041015460e+00
3.218256691627135319e-02 8.324867025472586590e+01 2.302506544063013472e+00
3.289709866054704723e-02 8.311764813646298933e+01 2.303353750527125765e+00
3.361539523873272733e-02 8.298632449516044574e+01 2.304219401279020474e+00
3.433740958973305335e-02 8.285470626177220765e+01 2.305103572152261915e+00
3.506309574431396708e-02 8.272280023067268928e+01 2.306006336994085526e+00
3.579240877871846249e-02 8.259061306585194018e+01 2.306927767690097664e+00
3.652530477095662642e-02 8.245815130672856696e+01 2.307867934187958436e+00
3.726174075958001847e-02 8.232542137360891843e+01 2.308826904520127954e+00
3.800167470476650822e-02 8.219242957281760198e+01 2.309804744825733280e+00
3.874506545155620429e-02 8.205918210152293568e+01 2.310801519371620039e+00
3.949187269509230047e-02 8.192568505227890796e+01 2.311817290572644179e+00
4.024205694773259206e-02 8.179194441730295750e+01 2.312852119011249652e+00
4.099557950790799071e-02 8.165796609250830329e+01 2.313906063456381279e+00
4.175240243061437151e-02 8.152375588130614403e+01 2.314979180881789222e+00
4.251248849943277397e-02 8.138931949819451006e+01 2.316071526483748588e+00
4.327580119998103436e-02 8.125466257214655741e+01 2.317183153698245679e+00
4.404230469470739318e-02 8.111979064981186127e+01 2.318314114217665090e+00
4.481196379894324122e-02 8.098470919854270278e+01 2.319464458007010066e+00
4.558474395813816304e-02 8.084942360925585092e+01 2.320634233319692541e+00
4.636061122620631358e-02 8.071393919914112303e+01 2.321823486712908835e+00
4.713953224491794491e-02 8.057826121422515087e+01 2.323032263062658309e+00
4.792147422427476405e-02 8.044239483179941885e+01 2.324260605578394756e+00
4.870640492381216047e-02 8.030634516272122880e+01 2.325508555817365153e+00
4.949429263477510971e-02 8.017011725359455454e+01 2.326776153698649097e+00
5.028510616311827885e-02 8.003371608883841759e+01 2.328063437516906475e+00
5.107881481328425261e-02 7.989714659264882357e+01 2.329370443955883108e+00
5.187538837271680331e-02 7.976041363086028468e+01 2.330697208101669027e+00
5.267479709706889002e-02 7.962352201271332319e+01 2.332043763455736496e+00
5.347701169606797200e-02 7.948647649253322811e+01 2.333410141947776406e+00
5.428200332000320677e-02 7.934928177132373150e+01 2.334796373948348602e+00
5.508974354680180874e-02 7.921194249828198508e+01 2.336202488281355460e+00
5.590020436966352396e-02 7.907446327223838978e+01 2.337628512236356926e+00
5.671335818522440370e-02 7.893684864302483106e+01 2.339074471580754544e+00
5.752917778222252365e-02 7.879910311277622270e+01 2.340540390571823171e+00
5.834763633064032895e-02 7.866123113716818693e+01 2.342026291968634322e+00
5.916870737129942964e-02 7.852323712659487853e+01 2.343532197043866283e+00
5.999236480588537868e-02 7.838512544728884279e+01 2.345058125595516518e+00
6.081858288738119234e-02 7.824690042238755439e+01 2.346604095958527036e+00
6.164733621088953203e-02 7.810856633294805818e+01 2.348170125016323606e+00
6.247859970482481234e-02 7.797012741891300891e+01 2.349756228212292353e+00
6.331234862245736783e-02 7.783158788003090933e+01 2.351362419561177752e+00
6.414855853379292094e-02 7.769295187673171199e+01 2.352988711660443322e+00
6.498720531777150977e-02 7.755422353096109589e+01 2.354635115701566583e+00
6.582826515477097074e-02 7.741540692697518011e+01 2.356301641481306053e+00
6.667171451940073768e-02 7.727650611209720921e+01 2.357988297412919376e+00
6.751753017357259301e-02 7.713752509743883934e+01 2.359695090537356599e+00
6.836568915983584627e-02 7.699846785858662201e+01 2.361422026534432561e+00
6.921616879496467201e-02 7.685933833625736611e+01 2.363169109733969098e+00
7.006894666378653269e-02 7.672014043692125540e+01 2.364936343126925689e+00
7.092400061324077853e-02 7.658087803339643074e+01 2.366723728376522562e+00
7.178130874665711314e-02 7.644155496541533523e+01 2.368531265829351806e+00
7.264084941824454356e-02 7.630217504016445673e+01 2.370358954526484041e+00
7.350260122778121130e-02 7.616274203279881760e+01 2.372206792214579529e+00
7.436654301549668056e-02 7.602325968693224922e+01 2.374074775356991296e+00
7.523265385713823195e-02 7.588373171510500015e+01 2.375962899144881124e+00
7.610091305921329319e-02 7.574416179922837955e+01 2.377871157508351985e+00
7.697130015440052653e-02 7.560455359100980388e+01 2.379799543127566253e+00
7.784379489712234257e-02 7.546491071235757886e+01 2.381748047443894123e+00
7.871837725927215146e-02 7.532523675576581468e+01 2.383716660671078014e+00
7.959502742608973169e-02 7.518553528468244451e+01 2.385705371806396080e+00
8.047372579217877686e-02 7.504580983385933735e+01 2.387714168641860368e+00
8.135445295766030593e-02 7.490606390968632411e+01 2.389743037775417633e+00
8.223718972445694109e-02 7.476630099050922240e+01 2.391791964622181688e+00
8.312191709270201623e-02 7.462652452693335192e+01 2.393860933425674187e+00
8.400861625726901982e-02 7.448673794211245536e+01 2.395949927269099611e+00
8.489726860441604295e-02 7.434694463202399106e+01 2.398058928086630459e+00
8.578785570854077780e-02 7.420714796573214755e+01 2.400187916674716426e+00
8.668035932904170904e-02 7.406735128563788351e+01 2.402336872703416226e+00
8.757476140728093217e-02 7.392755790771757063e+01 2.404505774727749845e+00
8.847104406364490747e-02 7.378777112175001207e+01 2.406694600199086764e+00
8.936918959469891677e-02 7.364799419153389692e+01 2.408903325476523527e+00
9.026918047043176740e-02 7.350823035509330339e+01 2.411131925838327916e+00
9.117099933158710756e-02 7.336848282487643758e+01 2.413380375493344943e+00
9.207462898707778620e-02 7.322875478794176729e+01 2.415648647592487208e+00
9.298005241148026012e-02 7.308904940613668089e+01 2.417936714240228380e+00
9.388725274260574516e-02 7.294936981626990757e+01 2.420244546506066019e+00
9.479621327914505846e-02 7.280971913027447329e+01 2.422572114436048807e+00
9.570691747838465380e-02 7.267010043536122055e+01 2.424919387064339293e+00
9.661934895399053314e-02 7.253051679416729769e+01 2.427286332424766879e+00
9.753349147385795281e-02 7.239097124489894952e+01 2.429672917562375023e+00
9.844932895802396833e-02 7.225146680146622202e+01 2.432079108545012858e+00
9.936684547664065281e-02 7.211200645361086004e+01 2.434504870474951232e+00
1.002860252480066022e-01 7.197259316702934484e+01 2.436950167500497866e+00
1.012068526366544374e-01 7.183322988349237903e+01 2.439414962827592070e+00
1.021293121514921798e-01 7.169391952095553222e+01 2.441899218731468313e+00
1.030533884439965159e-01 7.155466497366658984e+01 2.444402896568302008e+00
1.039790663064559251e-01 7.141546911227003136e+01 2.446925956786837553e+00
1.049063306702616716e-01 7.127633478390532673e+01 2.449468358940049217e+00
1.058351666042450789e-01 7.113726481229998910e+01 2.452030061696822028e+00
1.067655593130591163e-01 7.099826199786019743e+01 2.454611022853618429e+00
1.076974941356027005e-01 7.085932911775877585e+01 2.457211199346126307e+00
1.086309565434860902e-01 7.072046892601919410e+01 2.459830547260909217e+00
1.095659321395359015e-01 7.058168415359332926e+01 2.462469021847121020e+00
1.105024066563380508e-01 7.044297750843945494e+01 2.465126577528142349e+00
1.114403659548173775e-01 7.030435167559735987e+01 2.467803167913232176e+00
1.123797960228525572e-01 7.016580931726022641e+01 2.470498745809166508e+00
1.133206829739248078e-01 7.002735307284206101e+01 2.473213263231912151e+00
1.142630130457993054e-01 6.988898555904543741e+01 2.475946671418242762e+00
1.152067725992380054e-01 6.975070936992629811e+01 2.478698920837360653e+00
1.161519481167426482e-01 6.961252707695678055e+01 2.481469961202491525e+00
1.170985262013269357e-01 6.947444122908582642e+01 2.484259741482488071e+00
1.180464935753165745e-01 6.933645435279686353e+01 2.487068209913431804e+00
1.189958370791763809e-01 6.919856895216847192e+01 2.489895314010130090e+00
1.199465436703633509e-01 6.906078750892916673e+01 2.492741000577676225e+00
1.208986004222045163e-01 6.892311248251090205e+01 2.495605215722994430e+00
1.218519945227990592e-01 6.878554631010368325e+01 2.498487904866312004e+00
1.228067132739433520e-01 6.864809140670990928e+01 2.501389012752587515e+00
1.237627440900784664e-01 6.851075016519426697e+01 2.504308483462984736e+00
1.247200744972588732e-01 6.837352495633471960e+01 2.507246260426285733e+00
1.256786921321420003e-01 6.823641812887383651e+01 2.510202286430234242e+00
1.266385847409974841e-01 6.809943200956703890e+01 2.513176503632915892e+00
1.275997401787356544e-01 6.796256890323300581e+01 2.516168853574034081e+00
1.285621464079542697e-01 6.782583109280139411e+01 2.519179277186206267e+00
1.295257914980031400e-01 6.768922083936060119e+01 2.522207714806209200e+00
1.304906636240657225e-01 6.755274038220730404e+01 2.525254106186142877e+00
1.314567510662569827e-01 6.741639193889386661e+01 2.528318390504596280e+00
1.324240422087373803e-01 6.728017770527473829e+01 2.531400506377786463e+00
1.333925255388418440e-01 6.714409985555474236e+01 2.534500391870617708e+00
1.343621896462233456e-01 6.700816054233854402e+01 2.537617984507662072e+00
1.353330232220107121e-01 6.687236189667578401e+01 2.540753221284195451e+00
1.363050150579800668e-01 6.673670602811033348e+01 2.543906038677096859e+00
1.372781540457391480e-01 6.660119502472836928e+01 2.547076372655723286e+00
1.382524291759243129e-01 6.646583095320751511e+01 2.550264158692723271e+00
1.392278295374097530e-01 6.633061585886412104e+01 2.553469331774838036e+00
1.402043443165282566e-01 6.619555176570263200e+01 2.556691826413615587e+00
1.411819627963032953e-01 6.606064067646678950e+01 2.559931576656031549e+00
1.421606743556918795e-01 6.592588457268881541e+01 2.563188516095111336e+00
1.431404684688379059e-01 6.579128541473897940e+01 2.566462577880498586e+00
1.441213347043356352e-01 6.565684514187758225e+01 2.569753694728918347e+00
1.451032627245024131e-01 6.552256567230740814e+01 2.573061798934576760e+00
1.460862422846616049e-01 6.538844890322361891e+01 2.576386822379584274e+00
1.470702632324334957e-01 6.525449671087095282e+01 2.579728696544145272e+00
1.480553155070356564e-01 6.512071095059393144e+01 2.583087352516873381e+00
1.490413891385912182e-01 6.498709345689189831e+01 2.586462721004934906e+00
1.500284742474454203e-01 6.485364604347439865e+01 2.589854732344148758e+00
1.510165610434897610e-01 6.472037050332079389e+01 2.593263316508911398e+00
1.520056398254939767e-01 6.458726860873034070e+01 2.596688403122321631e+00
1.529957009804446544e-01 6.445434211138454828e+01 2.600129921465954119e+00
1.539867349828915322e-01 6.432159274240453328e+01 2.603587800489689741e+00
1.549787323942999062e-01 6.418902221241221184e+01 2.607061968821410058e+00
1.559716838624101432e-01 6.405663221158616238e+01 2.610552354776779715e+00
1.569655801206026879e-01 6.392442440972679663e+01 2.614058886368722412e+00
1.579604119872700663e-01 6.379240045631703993e+01 2.617581491316978148e+00
1.589561703651939384e-01 6.366056198058606697e+01 2.621120097057517917e+00
1.599528462409283702e-01 6.352891059157189346e+01 2.624674630751933524e+00
1.609504306841881005e-01 6.339744787818801086e+01 2.628245019296676421e+00
1.619489148472427198e-01 6.326617540928720729e+01 2.631831189332312526e+00
1.629482899643152349e-01 6.313509473373176917e+01 2.635433067252549222e+00
1.639485473509863511e-01 6.300420738045801983e+01 2.639050579213363612e+00
1.649496784036028618e-01 6.287351485854649980e+01 2.642683651141923828e+00
1.659516745986912567e-01 6.274301865729083971e+01 2.646332208745489467e+00
1.669545274923753819e-01 6.261272024627222521e+01 2.649996177520105523e+00
1.679582287197990131e-01 6.248262107542675636e+01 2.653675482759420223e+00
1.689627699945519257e-01 6.235272257512075811e+01 2.657370049563257730e+00
1.699681431081010163e-01 6.222302615622213295e+01 2.661079802846213038e+00
1.709743399292244503e-01 6.209353321018140548e+01 2.664804667345930245e+00
1.719813524034506103e-01 6.196424510909775307e+01 2.668544567631754738e+00
1.729891725524999591e-01 6.183516320580447712e+01 2.672299428112759223e+00
1.739977924737315107e-01 6.170628883394230968e+01 2.676069173046071281e+00
1.750072043395919097e-01 6.157762330804029460e+01 2.679853726544918935e+00
1.760174003970689516e-01 6.144916792359371271e+01 2.683653012586704190e+00
1.770283729671476014e-01 6.132092395714563082e+01 2.687466955020908710e+00
1.780401144442702310e-01 6.119289266636827307e+01 2.691295477576954642e+00
1.790526172957992157e-01 6.106507529014786684e+01 2.695138503871887359e+00
1.800658740614835274e-01 6.093747304866404590e+01 2.698995957418173663e+00
1.810798773529277428e-01 6.081008714347699140e+01 2.702867761631201127e+00
1.820946198530645765e-01 6.068291875761229903e+01 2.706753839836787634e+00
1.831100943156299954e-01 6.055596905564926402e+01 2.710654115278520404e+00
1.841262935646416354e-01 6.042923918380359538e+01 2.714568511125213579e+00
1.851432104938795509e-01 6.030273027002039754e+01 2.718496950477975904e+00
1.861608380663705709e-01 6.017644342405852598e+01 2.722439356377503561e+00
1.871791693138742940e-01 6.005037973758628311e+01 2.726395651810928911e+00
1.881981973363729410e-01 5.992454028426602264e+01 2.730365759718977881e+00
1.892179153015629001e-01 5.979892611984953277e+01 2.734349603002720563e+00
1.902383164443496033e-01 5.967353828226922730e+01 2.738347104530379994e+00
1.912593940663445125e-01 5.954837779173264778e+01 2.742358187143985937e+00
1.922811415353649633e-01 5.942344565081393171e+01 2.746382773666052213e+00
1.933035522849360921e-01 5.929874284455095790e+01 2.750420786906017767e+00
1.943266198137959533e-01 5.917427034053783785e+01 2.754472149666763681e+00
1.953503376854021645e-01 5.905002908902864078e+01 2.758536784750706961e+00
1.963746995274417984e-01 5.892602002302432851e+01 2.762614614966378390e+00
1.973996990313431066e-01 5.880224405837780921e+01 2.766705563134336465e+00
1.984253299517899360e-01 5.867870209388838987e+01 2.770809552093369543e+00
1.994515861062382822e-01 5.855539501140522418e+01 2.774926504706339170e+00
2.004784613744353683e-01 5.843232367592330689e+01 2.779056343866193934e+00
2.015059496979407228e-01 5.830948893568555036e+01 2.783198992501726199e+00
2.025340450796500880e-01 5.818689162228228184e+01 2.787354373583343925e+00
2.035627415833207721e-01 5.806453255075871311e+01 2.791522410128507214e+00
2.045920333331002483e-01 5.794241251970885997e+01 2.795703025207560977e+00
2.056219145130561143e-01 5.782053231138387162e+01 2.799896141949011596e+00
2.066523793667089104e-01 5.769889269179458324e+01 2.804101683544928836e+00
2.076834221965667415e-01 5.757749441081787722e+01 2.808319573256153667e+00
2.087150373636625367e-01 5.745633820229494404e+01 2.812549734417720604e+00
2.097472192870929175e-01 5.733542478414315724e+01 2.816792090443739127e+00
2.107799624435600649e-01 5.721475485845871845e+01 2.821046564832527803e+00
2.118132613669149455e-01 5.709432911162173241e+01 2.825313081171604956e+00
2.128471106477033969e-01 5.697414821440396793e+01 2.829591563142502153e+00
2.138815049327139339e-01 5.685421282207805405e+01 2.833881934525475543e+00
2.149164389245279416e-01 5.673452357452213590e+01 2.838184119204297140e+00
2.159519073810722556e-01 5.661508109632572427e+01 2.842498041170949286e+00
2.169879051151732685e-01 5.649588599690536483e+01 2.846823624529887908e+00
2.180244269941140900e-01 5.637693887060536468e+01 2.851160793502780955e+00
2.190614679391930386e-01 5.625824029680937599e+01 2.855509472432794293e+00
2.200990229252848263e-01 5.613979084005111986e+01 2.859869585788819002e+00
2.211370869804037687e-01 5.602159105012438545e+01 2.864241058169683551e+00
2.221756551852692163e-01 5.590364146218897190e+01 2.868623814308426390e+00
2.232147226728728728e-01 5.578594259688683366e+01 2.873017779076138645e+00
2.242542846280488888e-01 5.566849496044413570e+01 2.877422877486249586e+00
2.252943362870453714e-01 5.555129904479334613e+01 2.881839034698002067e+00
2.263348729370987800e-01 5.543435532767212948e+01 2.886266176020733987e+00
2.273758899160098490e-01 5.531766427274329345e+01 2.890704226917288011e+00
2.284173826117223693e-01 5.520122632970042531e+01 2.895153113007905787e+00
2.294593464619034962e-01 5.508504193438391638e+01 2.899612760073647877e+00
2.305017769535267491e-01 5.496911150888877984e+01 2.904083094060073478e+00
2.315446696224568168e-01 5.485343546168031281e+01 2.908564041080532903e+00
2.325880200530370256e-01 5.473801418769857463e+01 2.913055527419836643e+00
2.336318238776783074e-01 5.462284806848253282e+01 2.917557479537092657e+00
2.346760767764512479e-01 5.450793747227030650e+01 2.922069824069396748e+00
2.357207744766793567e-01 5.439328275411652669e+01 2.926592487834797751e+00
2.367659127525355289e-01 5.427888425600343680e+01 2.931125397835431468e+00
2.378114874246397559e-01 5.416474230695655478e+01 2.935668481260410800e+00
2.388574943596600275e-01 5.405085722315085661e+01 2.940221665489021419e+00
2.399039294699144842e-01 5.393722930802789506e+01 2.944784878093415159e+00
2.409507887129766490e-01 5.382385885240262269e+01 2.949358046841648484e+00
2.419980680912821591e-01 5.371074613458777947e+01 2.953941099699942452e+00
2.430457636517383835e-01 5.359789142048931865e+01 2.958533964836047137e+00
2.440938714853355673e-01 5.348529496372755432e+01 2.963136570621499821e+00
2.451423877267609741e-01 5.337295700575086954e+01 2.967748845634106125e+00
2.461913085540145540e-01 5.326087777594430150e+01 2.972370718660578337e+00
2.472406301880273882e-01 5.314905749174157990e+01 2.977002118698948596e+00
2.482903488922819923e-01 5.303749635873666080e+01 2.981642974960949655e+00
2.493404609724352849e-01 5.292619457079384659e+01 2.986293216874376544e+00
2.503909627759431933e-01 5.281515231016917511e+01 2.990952774084916221e+00
2.514418506916883955e-01 5.270436974760566073e+01 2.995621576458997293e+00
2.524931211496091454e-01 5.259384704245449882e+01 3.000299554085497089e+00
2.535447706203315943e-01 5.248358434278397766e+01 3.004986637277880401e+00
2.545967956148033617e-01 5.237358178549196452e+01 3.009682756576135709e+00
2.556491926839302153e-01 5.226383949641109439e+01 3.014387842748943669e+00
2.567019584182139713e-01 5.215435759042499342e+01 3.019101826795317134e+00
2.577550894473940035e-01 5.204513617157249428e+01 3.023824639946677717e+00
2.588085824400896962e-01 5.193617533316536594e+01 3.028556213668300856e+00
2.598624341034461716e-01 5.182747515788877024e+01 3.033296479661419465e+00
2.609166411827814613e-01 5.171903571791435894e+01 3.038045369864729839e+00
2.619712004612367862e-01 5.161085707501010944e+01 3.042802816455971726e+00
2.630261087594284453e-01 5.150293928065141813e+01 3.047568751853373836e+00
2.640813629351021485e-01 5.139528237611959582e+01 3.052343108717604725e+00
2.651369598827898466e-01 5.128788639262110394e+01 3.057125819952728474e+00
2.661928965334686148e-01 5.118075135138687415e+01 3.061916818707989041e+00
2.672491698542217020e-01 5.107387726378898662e+01 3.066716038378743292e+00
2.683057768479022998e-01 5.096726413143512957e+01 3.071523412608331949e+00
2.693627145527990319e-01 5.086091194628333767e+01 3.076338875288975760e+00
2.704199800423040534e-01 5.075482069074649871e+01 3.081162360563061142e+00
2.714775704245833143e-01 5.064899033780081794e+01 3.085993802824182453e+00
2.725354828422490994e-01 5.054342085108297766e+01 3.090833136718643015e+00
2.735937144720348435e-01 5.043811218500598414e+01 3.095680297146020443e+00
2.746522625244722793e-01 5.033306428485263950e+01 3.100535219260714737e+00
2.757111242435705267e-01 5.022827708689183623e+01 3.105397838472362171e+00
2.767702969064980145e-01 5.012375051847001117e+01 3.110268090447348310e+00
2.778297778232660664e-01 5.001948449812168462e+01 3.115145911109360011e+00
2.788895643364150967e-01 4.991547893567052085e+01 3.120031236640326888e+00
2.799496538207028040e-01 4.981173373233336577e+01 3.124924003481144297e+00
2.810100436827951409e-01 4.970824878081605647e+01 3.129824148332736478e+00
2.820707313609586153e-01 4.960502396542504044e+01 3.134731608156299920e+00
2.831317143247559787e-01 4.950205916215647051e+01 3.139646320174552141e+00
2.841929900747428017e-01 4.939935423880790211e+01 3.144568221871845815e+00
2.852545561421677700e-01 4.929690905506900123e+01 3.149497250995224817e+00
2.863164100886738672e-01 4.919472346262625706e+01 3.154433345554729762e+00
2.873785495060027229e-01 4.909279730525877028e+01 3.159376443824101433e+00
2.884409720157005141e-01 4.899113041894106146e+01 3.164326484341053902e+00
2.895036752688268100e-01 4.888972263193500822e+01 3.169283405908024154e+00
2.905666569456646919e-01 4.878857376489451525e+01 3.174247147592248464e+00
2.916299147554340943e-01 4.868768363095352214e+01 3.179217648726573753e+00
2.926934464360062549e-01 4.858705203582933763e+01 3.184194848909478015e+00
2.937572497536215521e-01 4.848667877791292113e+01 3.189178688005649409e+00
2.948213225026084516e-01 4.838656364837210333e+01 3.194169106145883230e+00
2.958856625051053402e-01 4.828670643123459172e+01 3.199166043727914577e+00
2.969502676107839689e-01 4.818710690349467995e+01 3.204169441416004904e+00
2.980151356965759502e-01 4.808776483519444156e+01 3.209179240141760037e+00
2.990802646664001418e-01 4.798867998952892577e+01 3.214195381103658544e+00
3.001456524508934187e-01 4.788985212292681126e+01 3.219217805767785823e+00
3.012112970071428308e-01 4.779128098514867418e+01 3.224246455867595618e+00
3.022771963184199828e-01 4.769296631937797315e+01 3.229281273403995733e+00
3.033433483939180775e-01 4.759490786231052084e+01 3.234322200645445733e+00
3.044097512684902362e-01 4.749710534424262676e+01 3.239369180128061743e+00
3.054764030023907617e-01 4.739955848916670078e+01 3.244422154655287827e+00
3.065433016810178435e-01 4.730226701484900786e+01 3.249481067298426229e+00
3.076104454146588174e-01 4.720523063293207144e+01 3.254545861395824691e+00
3.086778323382374234e-01 4.710844904900875463e+01 3.259616480553493734e+00
3.097454606110627284e-01 4.701192196271784240e+01 3.264692868644533785e+00
3.108133284165809918e-01 4.691564906782624433e+01 3.269774969809212006e+00
3.118814339621284737e-01 4.681963005231859398e+01 3.274862728454587923e+00
3.129497754786875197e-01 4.672386459847752604e+01 3.279956089254574714e+00
3.140183512206435879e-01 4.662835238297211049e+01 3.285054997149518652e+00
3.150871594655450525e-01 4.653309307693923103e+01 3.290159397346093861e+00
3.161561985138646169e-01 4.643808634607120212e+01 3.295269235316798717e+00
3.172254666887632801e-01 4.634333185069004912e+01 3.300384456800135258e+00
3.182949623358553581e-01 4.624882924583788935e+01 3.305505007799835138e+00
3.193646838229768359e-01 4.615457818135512724e+01 3.310630834584718407e+00
3.204346295399541633e-01 4.606057830196157710e+01 3.315761883688315148e+00
3.215047978983767152e-01 4.596682924733308084e+01 3.320898101908698941e+00
3.225751873313696394e-01 4.587333065218831507e+01 3.326039436307691943e+00
3.236457962933696475e-01 4.578008214635995898e+01 3.331185834210877328e+00
3.247166232599026925e-01 4.568708335488153693e+01 3.336337243206706660e+00
3.257876667273632010e-01 4.559433389805586501e+01 3.341493611146554965e+00
3.268589252127952482e-01 4.550183339153725370e+01 3.346654886143962671e+00
3.279303972536762868e-01 4.540958144640723049e+01 3.351821016574200840e+00
3.290020814077019295e-01 4.531757766925178288e+01 3.356991951073671654e+00
3.300739762525733978e-01 4.522582166223045874e+01 3.362167638539742320e+00
3.311460803857861346e-01 4.513431302316193694e+01 3.367348028129569126e+00
3.322183924244209163e-01 4.504305134558218526e+01 3.372533069260452709e+00
3.332909110049365187e-01 4.495203621883647571e+01 3.377722711608186934e+00
3.343636347829643807e-01 4.486126722813442314e+01 3.382916905107484773e+00
3.354365624331048790e-01 4.477074395463303347e+01 3.388115599950742851e+00
3.365096926487258777e-01 4.468046597550321053e+01 3.393318746587717705e+00
3.375830241417624444e-01 4.459043286400261508e+01 3.398526295724754842e+00
3.386565556425190082e-01 4.450064418954666934e+01 3.403738198324111064e+00
3.397302858994735164e-01 4.441109951777263376e+01 3.408954405603599636e+00
3.408042136790818133e-01 4.432179841061462611e+01 3.414174869035572435e+00
3.418783377655860711e-01 4.423274042637125092e+01 3.419399540346262256e+00
3.429526569608233322e-01 4.414392511976556932e+01 3.424628371515542113e+00
3.440271700840364377e-01 4.405535204202303845e+01 3.429861314775568992e+00
3.451018759716864559e-01 4.396702074093109047e+01 3.435098322610468990e+00
3.461767734772672189e-01 4.387893076090404065e+01 3.440339347755647204e+00
3.472518614711212481e-01 4.379108164305452533e+01 3.445584343196681054e+00
3.483271388402577884e-01 4.370347292525013927e+01 3.450833262169025417e+00
3.494026044881715087e-01 4.361610414218287701e+01 3.456086058156924157e+00
3.504782573346645336e-01 4.352897482543251328e+01 3.461342684892627641e+00
3.515540963156688070e-01 4.344208450352159190e+01 3.466603096356064562e+00
3.526301203830705666e-01 4.335543270199077881e+01 3.471867246773252091e+00
3.537063285045367600e-01 4.326901894344507582e+01 3.477135090616414459e+00
3.547827196633425162e-01 4.318284274762831387e+01 3.482406582602334488e+00
3.558592928582010040e-01 4.309690363147439029e+01 3.487681677692086257e+00
3.569360471030939008e-01 4.301120110916797756e+01 3.492960331090138038e+00
3.580129814271045818e-01 4.292573469221140670e+01 3.498242498243034238e+00
3.590900948742521970e-01 4.284050388947128596e+01 3.503528134839266173e+00
3.601673865033277466e-01 4.275550820724274814e+01 3.508817196808038830e+00
3.612448553877307122e-01 4.267074714931078461e+01 3.514109640318141103e+00
3.623225006153092398e-01 4.258622021699384419e+01 3.519405421777901388e+00
3.634003212881997680e-01 4.250192690921707594e+01 3.524704497833232253e+00
3.644783165226695987e-01 4.241786672255226875e+01 3.530006825367721479e+00
3.655564854489601889e-01 4.233403915128172912e+01 3.535312361501181666e+00
3.666348272111327189e-01 4.225044368745271584e+01 3.540621063588752726e+00
3.677133409669142705e-01 4.216707982092248841e+01 3.545932889220541728e+00
3.687920258875464485e-01 4.208394703942303039e+01 3.551247796219989095e+00
3.698708811576344457e-01 4.200104482860684385e+01 3.556565742643389427e+00
3.709499059749988281e-01 4.191837267209776030e+01 3.561886686779048627e+00
3.720290995505274867e-01 4.183593005155097444e+01 3.567210587145816625e+00
3.731084611080301983e-01 4.175371644668970106e+01 3.572537402493074055e+00
3.741879898840934082e-01 4.167173133537132657e+01 3.577867091798774268e+00
3.752676851279379000e-01 4.158997419362633252e+01 3.583199614269224398e+00
3.763475461012765755e-01 4.150844449570781336e+01 3.588534929338117685e+00
3.774275720781743448e-01 4.142714171415021696e+01 3.593872996664921882e+00
3.785077623449090156e-01 4.134606531980595889e+01 3.599213776134711829e+00
3.795881161998342357e-01 4.126521478189382464e+01 3.604557227857139612e+00
3.806686329532429358e-01 4.118458956805882565e+01 3.609903312164646216e+00
3.817493119272328261e-01 4.110418914440277405e+01 3.615251989612557892e+00
3.828301524555725588e-01 4.102401297553958415e+01 3.620603220977498538e+00
3.839111538835702220e-01 4.094406052463762080e+01 3.625956967256637853e+00
3.849923155679421116e-01 4.086433125346193407e+01 3.631313189666903085e+00
3.860736368766835014e-01 4.078482462242791229e+01 3.636671849643389631e+00
3.871551171889404119e-01 4.070554009063653211e+01 3.642032908838962690e+00
3.882367558948828234e-01 4.062647711591687028e+01 3.647396329123346437e+00
3.893185523955790539e-01 4.054763515487990588e+01 3.652762072581409392e+00
3.904005061028717471e-01 4.046901366294613211e+01 3.658130101513170640e+00
3.914826164392541386e-01 4.039061209439767453e+01 3.663500378432136717e+00
3.925648828377492072e-01 4.031242990241808144e+01 3.668872866064419647e+00
3.936473047417884397e-01 4.023446653912761661e+01 3.674247527348122766e+00
3.947298816050929249e-01 4.015672145563132034e+01 3.679624325431843257e+00
3.958126128915549491e-01 4.007919410205474264e+01 3.685003223673951389e+00
3.968954980751214778e-01 4.000188392757985412e+01 3.690384185641857773e+00
3.979785366396781932e-01 3.992479038049400941e+01 3.695767175110321379e+00
3.990617280789351962e-01 3.984791290821686260e+01 3.701152156061245257e+00
4.001450718963134312e-01 3.977125095734466953e+01 3.706539092682265668e+00
4.012285676048329419e-01 3.969480397369005686e+01 3.711927949365580570e+00
4.023122147270016269e-01 3.961857140231003171e+01 3.717318690707597462e+00
4.033960127947053831e-01 3.954255268755082398e+01 3.722711281507353753e+00
4.044799613490994705e-01 3.946674727308262476e+01 3.728105686765618376e+00
4.055640599405009317e-01 3.939115460192930840e+01 3.733501871684314022e+00
4.066483081282822321e-01 3.931577411651218057e+01 3.738899801664919753e+00
4.077327054807657891e-01 3.924060525867653126e+01 3.744299442308057113e+00
4.088172515751195557e-01 3.916564746973251943e+01 3.749700759412019746e+00
4.099019459972543244e-01 3.909090019048477416e+01 3.755103718972090387e+00
4.109867883417212542e-01 3.901636286126556996e+01 3.760508287179558540e+00
4.120717782116108396e-01 3.894203492197079441e+01 3.765914430420518766e+00
4.131569152184530469e-01 3.886791581209118362e+01 3.771322115274960751e+00
4.142421989821185591e-01 3.879400497074011156e+01 3.776731308516102725e+00
4.153276291307205215e-01 3.872030183669492232e+01 3.782141977108688380e+00
4.164132053005181744e-01 3.864680584841614319e+01 3.787554088208884728e+00
4.174989271358203746e-01 3.857351644408738167e+01 3.792967609162626541e+00
4.185847942888913376e-01 3.850043306164364054e+01 3.798382507504777461e+00
4.196708064198566568e-01 3.842755513879480134e+01 3.803798750958637953e+00
4.207569631966103230e-01 3.835488211306707029e+01 3.809216307434073023e+00
4.218432642947229083e-01 3.828241342181846818e+01 3.814635145027553964e+00
4.229297093973508059e-01 3.821014850227877702e+01 3.820055232020340696e+00
4.240162981951463017e-01 3.813808679157526171e+01 3.825476536877703726e+00
4.251030303861685899e-01 3.806622772675184052e+01 3.830899028248609284e+00
4.261899056757953441e-01 3.799457074481025387e+01 3.836322674963717816e+00
4.272769237766363970e-01 3.792311528272847454e+01 3.841747446035077562e+00
4.283640844084470323e-01 3.785186077748559086e+01 3.847173310655303879e+00
4.294513872980430524e-01 3.778080666609623961e+01 3.852600238196000060e+00
4.305388321792159578e-01 3.770995238563406105e+01 3.858028198206981951e+00
4.316264187926500684e-01 3.763929737324757951e+01 3.863457160416069680e+00
4.327141468858397566e-01 3.756884106620378816e+01 3.868887094726725984e+00
4.338020162130080126e-01 3.749858290189417431e+01 3.874317971218545598e+00
4.348900265350248984e-01 3.742852231787144746e+01 3.879749760145361659e+00
4.359781776193287772e-01 3.735865875187189289e+01 3.885182431934438352e+00
4.370664692398463780e-01 3.728899164182963233e+01 3.890615957186259966e+00
4.381549011769149682e-01 3.721952042591752274e+01 3.896050306672230956e+00
4.392434732172048606e-01 3.715024454255177488e+01 3.901485451335174215e+00
4.403321851536428633e-01 3.708116343042735963e+01 3.906921362287399724e+00
4.414210367853368400e-01 3.701227652853866346e+01 3.912358010809902531e+00
4.425100279175006035e-01 3.694358327619219295e+01 3.917795368352174457e+00
4.435991583613795308e-01 3.687508311304203090e+01 3.923233406530179934e+00
4.446884279341778989e-01 3.680677547909837699e+01 3.928672097126450602e+00
4.457778364589860542e-01 3.673865981475930198e+01 3.934111412088309390e+00
4.468673837647088032e-01 3.667073556082577568e+01 3.939551323527400228e+00
4.479570696859942469e-01 3.660300215852161898e+01 3.944991803718815859e+00
4.490468940631640038e-01 3.653545904951609913e+01 3.950432825099967182e+00
4.501368567421435984e-01 3.646810567594155117e+01 3.955874360269855838e+00
4.512269575743939609e-01 3.640094148041471556e+01 3.961316381988007951e+00
4.523171964168430925e-01 3.633396590605666177e+01 3.966758863173504235e+00
4.534075731318195635e-01 3.626717839650488884e+01 3.972201776904622506e+00
4.544980875869857884e-01 3.620057839594072391e+01 3.977645096417228743e+00
4.555887396552722457e-01 3.613416534910592048e+01 3.983088795103997715e+00
4.566795292148123631e-01 3.606793870131406976e+01 3.988532846514067476e+00
4.577704561488789015e-01 3.600189789847406274e+01 3.993977224351664912e+00
4.588615203458196179e-01 3.593604238710714327e+01 3.999421902475241097e+00
4.599527216989949818e-01 3.587037161435912225e+01 4.004866854897007222e+00
4.610440601067154476e-01 3.580488502802633377e+01 4.010312055781269258e+00
4.621355354721803921e-01 3.573958207656063735e+01 4.015757479444530098e+00
4.632271477034172746e-01 3.567446220909647536e+01 4.021203100353702098e+00
4.643188967132211853e-01 3.560952487545871747e+01 4.026648893125915230e+00
4.654107824190954479e-01 3.554476952618355057e+01 4.032094832527219452e+00
4.665028047431930558e-01 3.548019561253028797e+01 4.037540893472020720e+00
4.675949636122581632e-01 3.541580258649896251e+01 4.042987051022016942e+00
4.686872589575687420e-01 3.535158990084216413e+01 4.048433280385602906e+00
4.697796907148792389e-01 3.528755700908322979e+01 4.053879556916710314e+00
4.708722588243648977e-01 3.522370336553026959e+01 4.059325856113995101e+00
4.719649632305657483e-01 3.516002842528514805e+01 4.064772153620419104e+00
4.730578038823315956e-01 3.509653164426573113e+01 4.070218425221710845e+00
4.741507807327673407e-01 3.503321247921109460e+01 4.075664646846223427e+00
4.752438937391797458e-01 3.497007038770167497e+01 4.081110794563542754e+00
4.763371428630235327e-01 3.490710482816673021e+01 4.086556844584117165e+00
4.774305280698492582e-01 3.484431525989857903e+01 4.092002773258347936e+00
4.785240493292505781e-01 3.478170114307197025e+01 4.097448557075150433e+00
4.796177066148135104e-01 3.471926193874446653e+01 4.102894172662201022e+00
4.807114999040650316e-01 3.465699710887697904e+01 4.108339596784388981e+00
4.818054291784229504e-01 3.459490611634802804e+01 4.113784806342795086e+00
4.828994944231457254e-01 3.453298842495365051e+01 4.119229778374931428e+00
4.839936956272837265e-01 3.447124349943082677e+01 4.124674490052875342e+00
4.850880327836302186e-01 3.440967080546324297e+01 4.130118918682967433e+00
4.861825058886735107e-01 3.434826980969265975e+01 4.135563041704977572e+00
4.872771149425487169e-01 3.428703997973109097e+01 4.141006836691197179e+00
4.883718599489912937e-01 3.422598078416868361e+01 4.146450281345899214e+00
4.894667409152904103e-01 3.416509169258544176e+01 4.151893353504426010e+00
4.905617578522423750e-01 3.410437217556587086e+01 4.157336031132022214e+00
4.916569107741057265e-01 3.404382170470108093e+01 4.162778292323754847e+00
4.927521996985559927e-01 3.398343975260303296e+01 4.168220115303341800e+00
4.938476246466412256e-01 3.392322579291289486e+01 4.173661478422503457e+00
4.949431856427374821e-01 3.386317930031331258e+01 4.179102360159923535e+00
4.960388827145062463e-01 3.380329975052984537e+01 4.184542739121195787e+00
4.971347158928506316e-01 3.374358662035193390e+01 4.189982594036980146e+00
4.982306852118731366e-01 3.368403938762840255e+01 4.195421903763456584e+00
4.993267907088333457e-01 3.362465753128552848e+01 4.200860647280716620e+00
5.004230324241067951e-01 3.356544053133622896e+01 4.206298803691941757e+00
5.015194104011432286e-01 3.350638786887425624e+01 4.211736352223952373e+00
5.026159246864264629e-01 3.344749902610050896e+01 4.217173272224796321e+00
5.037125753294336983e-01 3.338877348631987729e+01 4.222609543164021595e+00
5.048093623825963272e-01 3.333021073395071454e+01 4.228045144631794372e+00
5.059062859012597446e-01 3.327181025453823793e+01 4.233480056337609376e+00
5.070033459436457113e-01 3.321357153474886559e+01 4.238914258110797917e+00
5.081005425708126078e-01 3.315549406239014019e+01 4.244347729898599653e+00
5.091978758466182420e-01 3.309757732641313765e+01 4.249780451765899691e+00
5.102953458376822127e-01 3.303982081691530226e+01 4.255212403894871542e+00
5.113929526133484949e-01 3.298222402515483509e+01 4.260643566583564024e+00
5.124906962456488024e-01 3.292478644355217199e+01 4.266073920245651685e+00
5.135885768092663950e-01 3.286750756569388443e+01 4.271503445409985389e+00
5.146865943815001065e-01 3.281038688634453138e+01 4.276932122719347973e+00
5.157847490422289294e-01 3.275342390145066673e+01 4.282359932929963087e+00
5.168830408738763760e-01 3.269661810814378100e+01 4.287786856911079525e+00
5.179814699613768392e-01 3.263996900475351737e+01 4.293212875643575011e+00
5.190800363921401761e-01 3.258347609079800833e+01 4.298637970220742233e+00
5.201787402560188456e-01 3.252713886700959733e+01 4.304062121845648292e+00
5.212775816452730471e-01 3.247095683532485566e+01 4.309485311831942056e+00
5.223765606545389684e-01 3.241492949889300235e+01 4.314907521602870055e+00
5.234756773807952568e-01 3.235905636208738656e+01 4.320328732689969975e+00
5.245749319233309338e-01 3.230333693049853139e+01 4.325748926733571587e+00
5.256743243837125323e-01 3.224777071095144976e+01 4.331168085480899599e+00
5.267738548657536768e-01 3.219235721149983220e+01 4.336586190786443140e+00
5.278735234754831085e-01 3.213709594143698212e+01 4.342003224610658130e+00
5.289733303211135995e-01 3.208198641129729367e+01 4.347419169019612006e+00
5.300732755130115326e-01 3.202702813286030192e+01 4.352834006184342464e+00
5.311733591636670360e-01 3.197222061915977065e+01 4.358247718379721469e+00
5.322735813876633415e-01 3.191756338447338237e+01 4.363660287985230646e+00
5.333739423016478076e-01 3.186305594434290001e+01 4.369071697482709737e+00
5.344744420243021654e-01 3.180869781557278131e+01 4.374481929456221607e+00
5.355750806763144301e-01 3.175448851622545732e+01 4.379890966592256518e+00
5.366758583803493687e-01 3.170042756563523056e+01 4.385298791678064134e+00
5.377767752610211893e-01 3.164651448440647030e+01 4.390705387601548715e+00
5.388778314448645634e-01 3.159274879441950290e+01 4.396110737350379161e+00
5.399790270603083142e-01 3.153913001882558120e+01 4.401514824012198623e+00
5.410803622376469946e-01 3.148565768206410809e+01 4.406917630772579919e+00
5.421818371090147970e-01 3.143233130984982537e+01 4.412319140915998084e+00
5.432834518083579090e-01 3.137915042918931974e+01 4.417719337823838188e+00
5.443852064714094219e-01 3.132611456836986719e+01 4.423118204975210688e+00
5.454871012356621307e-01 3.127322325697651451e+01 4.428515725944852655e+00
5.465891362403433318e-01 3.122047602588209259e+01 4.433911884403822334e+00
5.476913116263892878e-01 3.116787240725394170e+01 4.439306664118454648e+00
5.487936275364203587e-01 3.111541193456219290e+01 4.444700048949159488e+00
5.498960841147154666e-01 3.106309414256871548e+01 4.450092022851184659e+00
5.509986815071881150e-01 3.101091856734006313e+01 4.455482569872926568e+00
5.521014198613615198e-01 3.095888474624537423e+01 4.460871674155760580e+00
5.532042993263452946e-01 3.090699221795949470e+01 4.466259319933341132e+00
5.543073200528111366e-01 3.085524052246034543e+01 4.471645491531491601e+00
5.554104821929697344e-01 3.080362920103482338e+01 4.477030173367180232e+00
5.565137859005468979e-01 3.075215779628031854e+01 4.482413349947984571e+00
5.576172313307613537e-01 3.070082585210143478e+01 4.487795005872008858e+00
5.587208186403019861e-01 3.064963291372151488e+01 4.493175125826280869e+00
5.598245479873049657e-01 3.059857852766604935e+01 4.498553694588062868e+00
5.609284195313319898e-01 3.054766224178378309e+01 4.503930697022218155e+00
5.620324334333480776e-01 3.049688360523295572e+01 4.509306118082230697e+00
5.631365898557003646e-01 3.044624216849071274e+01 4.514679942808772495e+00
5.642408889620965651e-01 3.039573748334775516e+01 4.520052156329843029e+00
5.653453309175832109e-01 3.034536910291498657e+01 4.525422743859605745e+00
5.664499158885256680e-01 3.029513658162380807e+01 4.530791690697911100e+00
5.675546440425869310e-01 3.024503947521476377e+01 4.536158982231060399e+00
5.686595155487074171e-01 3.019507734075641281e+01 4.541524603929318005e+00
5.697645305770844271e-01 3.014524973663458596e+01 4.546888541347605006e+00
5.708696892991530492e-01 3.009555622255411933e+01 4.552250780124841967e+00
5.719749918875651762e-01 3.004599635953875847e+01 4.557611305983482630e+00
5.730804385161712977e-01 2.999656970993316918e+01 4.562970104728819365e+00
5.741860293600001830e-01 2.994727583740674248e+01 4.568327162248090545e+00
5.752917645952404513e-01 2.989811430694154382e+01 4.573682464511294121e+00
5.763976443992215870e-01 2.984908468484787747e+01 4.579035997569003591e+00
5.775036689503957321e-01 2.980018653875005086e+01 4.584387747553427594e+00
5.786098384283181462e-01 2.975141943759643226e+01 4.589737700676804977e+00
5.797161530136304419e-01 2.970278295165453031e+01 4.595085843231431433e+00
5.808226128880418226e-01 2.965427665250995304e+01 4.600432161589279367e+00
5.819292182343115405e-01 2.960590011306740976e+01 4.605776642201362847e+00
5.830359692362311330e-01 2.955765290755393337e+01 4.611119271596861857e+00
5.841428660786074367e-01 2.950953461151492263e+01 4.616460036383041476e+00
5.852499089472453786e-01 2.946154480180579682e+01 4.621798923245646229e+00
5.863570980289308787e-01 2.941368305660735061e+01 4.627135918946673421e+00
5.874644335114138638e-01 2.936594895541486139e+01 4.632471010325044602e+00
5.885719155833926131e-01 2.931834207903555267e+01 4.637804184296348886e+00
5.896795444344964388e-01 2.927086200959813667e+01 4.643135427851237118e+00
5.907873202552702541e-01 2.922350833054224140e+01 4.648464728056059592e+00
5.918952432371580308e-01 2.917628062661575683e+01 4.653792072052618245e+00
5.930033135724871451e-01 2.912917848388487130e+01 4.659117447056487116e+00
5.941115314544532788e-01 2.908220148973000718e+01 4.664440840356903983e+00
5.952198970771045428e-01 2.903534923283218205e+01 4.669762239317765129e+00
5.963284106353260450e-01 2.898862130318821428e+01 4.675081631375330282e+00
5.974370723248255688e-01 2.894201729210042373e+01 4.680399004038830135e+00
5.985458823421178076e-01 2.889553679217821980e+01 4.685714344889726490e+00
5.996548408845104872e-01 2.884917939733545822e+01 4.691027641581421825e+00
6.007639481500891554e-01 2.880294470279227781e+01 4.696338881838492796e+00
6.018732043377034158e-01 2.875683230507116761e+01 4.701648053456545462e+00
6.029826096469521612e-01 2.871084180199157743e+01 4.706955144302269467e+00
6.040921642781701406e-01 2.866497279267651521e+01 4.712260142312080902e+00
6.052018684324134146e-01 2.861922487754812039e+01 4.717563035492058354e+00
6.063117223114463661e-01 2.857359765832062592e+01 4.722863811918153409e+00
6.074217261177277116e-01 2.852809073800978368e+01 4.728162459734520873e+00
6.085318800543971784e-01 2.848270372091677416e+01 4.733458967154773767e+00
6.096421843252625150e-01 2.843743621264341570e+01 4.738753322459632322e+00
6.107526391347861683e-01 2.839228782007314322e+01 4.744045513998531582e+00
6.118632446880726272e-01 2.834725815138160954e+01 4.749335530187787313e+00
6.129740011908553221e-01 2.830234681603241853e+01 4.754623359510480540e+00
6.140849088494843011e-01 2.825755342477209098e+01 4.759908990516444227e+00
6.151959678709137957e-01 2.821287758962801107e+01 4.765192411821903562e+00
6.163071784626897864e-01 2.816831892390845482e+01 4.770473612108843575e+00
6.174185408329380120e-01 2.812387704220695994e+01 4.775752580123891811e+00
6.185300551903513133e-01 2.807955156038340405e+01 4.781029304679933034e+00
6.196417217441788639e-01 2.803534209558134194e+01 4.786303774653439369e+00
6.207535407042136244e-01 2.799124826621196860e+01 4.791575978985750162e+00
6.218655122807807967e-01 2.794726969195832567e+01 4.796845906681948435e+00
6.229776366847268321e-01 2.790340599377293884e+01 4.802113546810523381e+00
6.240899141274074413e-01 2.785965679387114946e+01 4.807378888503528458e+00
6.252023448206772693e-01 2.781602171573872084e+01 4.812641920955052832e+00
6.263149289768780159e-01 2.777250038411795430e+01 4.817902633422249892e+00
6.274276668088277775e-01 2.772909242501029681e+01 4.823161015224394887e+00
6.285405585298105002e-01 2.768579746567591116e+01 4.828417055742302288e+00
6.296536043535654326e-01 2.764261513463396014e+01 4.833670744417649878e+00
6.307668044942756902e-01 2.759954506165023602e+01 4.838922070753840288e+00
6.318801591665588191e-01 2.755658687774231552e+01 4.844171024314739782e+00
6.329936685854564704e-01 2.751374021517762358e+01 4.849417594724269698e+00
6.341073329664232983e-01 2.747100470746320511e+01 4.854661771667005965e+00
6.352211525253177449e-01 2.742837998935898014e+01 4.859903544885924020e+00
6.363351274783923817e-01 2.738586569685570637e+01 4.865142904184441619e+00
6.374492580422830290e-01 2.734346146718885961e+01 4.870379839424073154e+00
6.385635444340002076e-01 2.730116693882278867e+01 4.875614340525729062e+00
6.396779868709185912e-01 2.725898175145905356e+01 4.880846397468034503e+00
6.407925855707684581e-01 2.721690554603011947e+01 4.886076000287459031e+00
6.419073407516256990e-01 2.717493796469049627e+01 4.891303139078758022e+00
6.430222526319028242e-01 2.713307865082548176e+01 4.896527803993241612e+00
6.441373214303396377e-01 2.709132724903815870e+01 4.901749985239720608e+00
6.452525473659950217e-01 2.704968340515800662e+01 4.906969673082790528e+00
6.463679306582367223e-01 2.700814676622389499e+01 4.912186857844284660e+00
6.474834715267340224e-01 2.696671698048860222e+01 4.917401529902061696e+00
6.485991701914475271e-01 2.692539369742394939e+01 4.922613679688697452e+00
6.497150268726220590e-01 2.688417656770447195e+01 4.927823297692867754e+00
6.508310417907769985e-01 2.684306524321050347e+01 4.933030374458304834e+00
6.519472151666988458e-01 2.680205937702719865e+01 4.938234900583261755e+00
6.530635472214320059e-01 2.676115862344221696e+01 4.943436866720129608e+00
6.541800381762716832e-01 2.672036263793345867e+01 4.948636263576334571e+00
6.552966882527548886e-01 2.667967107718191144e+01 4.953833081912037528e+00
6.564134976726531123e-01 2.663908359905541445e+01 4.959027312541531174e+00
6.575304666579637747e-01 2.659859986260959630e+01 4.964218946332458415e+00
6.586475954309030101e-01 2.655821952808809527e+01 4.969407974205112488e+00
6.597648842138978953e-01 2.651794225691815399e+01 4.974594387132333928e+00
6.608823332295787889e-01 2.647776771170493149e+01 4.979778176139562085e+00
6.619999427007715598e-01 2.643769555623103784e+01 4.984959332304238266e+00
6.631177128504905927e-01 2.639772545545980975e+01 4.990137846754699069e+00
6.642356439019314607e-01 2.635785707551289647e+01 4.995313710672401264e+00
6.653537360784632648e-01 2.631809008368837155e+01 5.000486915288919754e+00
6.664719896036215285e-01 2.627842414845047614e+01 5.005657451886587062e+00
6.675904047011020914e-01 2.623885893942199488e+01 5.010825311798816628e+00
6.687089815947527827e-01 2.619939412738618145e+01 5.015990486409179105e+00
6.698277205085674257e-01 2.616002938428232127e+01 5.021152967151306434e+00
6.709466216666788441e-01 2.612076438320252691e+01 5.026312745508633384e+00
6.720656852933519776e-01 2.608159879838538941e+01 5.031469813014563641e+00
6.731849116129772215e-01 2.604253230522725104e+01 5.036624161250295550e+00
6.743043008500645419e-01 2.600356458025568429e+01 5.041775781847649185e+00
6.754238532292358155e-01 2.596469530114513802e+01 5.046924666486328981e+00
6.765435689752195003e-01 2.592592414670678735e+01 5.052070806894577437e+00
6.776634483128437525e-01 2.588725079688528297e+01 5.057214194848933531e+00
6.787834914670307640e-01 2.584867493275800143e+01 5.062354822173660729e+00
6.799036986627896573e-01 2.581019623652987605e+01 5.067492680740744326e+00
6.810240701252113782e-01 2.577181439153387998e+01 5.072627762469156920e+00
6.821446060794618127e-01 2.573352908221660229e+01 5.077760059326108966e+00
6.832653067507770128e-01 2.569533999415103054e+01 5.082889563324650695e+00
6.843861723644558692e-01 2.565724681402521057e+01 5.088016266524522102e+00
6.855072031458555593e-01 2.561924922963528672e+01 5.093140161032409630e+00
6.866283993203852187e-01 2.558134692989199976e+01 5.098261239000382083e+00
6.877497611135006128e-01 2.554353960480577257e+01 5.103379492627245106e+00
6.888712887506980298e-01 2.550582694549677854e+01 5.108494914156472611e+00
6.899929824575097292e-01 2.546820864417949082e+01 5.113607495877650067e+00
6.911148424594972806e-01 2.543068439416782667e+01 5.118717230125076512e+00
6.922368689822474552e-01 2.539325388986699394e+01 5.123824109278209527e+00
6.933590622513656765e-01 2.535591682677374692e+01 5.128928125760937817e+00
6.944814224924720225e-01 2.531867290147189209e+01 5.134029272041524372e+00
6.956039499311950092e-01 2.528152181162650081e+01 5.139127540632723701e+00
6.967266447931675932e-01 2.524446325598537655e+01 5.144222924090895432e+00
6.978495073040206220e-01 2.520749693437270977e+01 5.149315415016198827e+00
6.989725376893791697e-01 2.517062254768809026e+01 5.154405006052050098e+00
7.000957361748574304e-01 2.513383979789668032e+01 5.159491689885808086e+00
7.012191029860532776e-01 2.509714838803587966e+01 5.164575459247163991e+00
7.023426383485438240e-01 2.506054802220722522e+01 5.169656306908595234e+00
7.034663424878807580e-01 2.502403840556837977e+01 5.174734225685794442e+00
7.045902156295855701e-01 2.498761924434204218e+01 5.179809208435758983e+00
7.057142579991452225e-01 2.495129024579970078e+01 5.184881248058362146e+00
7.068384698220069318e-01 2.491505111826590024e+01 5.189950337495108812e+00
7.079628513235745046e-01 2.487890157111079148e+01 5.195016469729480946e+00
7.090874027292031201e-01 2.484284131475311597e+01 5.200079637785844255e+00
7.102121242641956655e-01 2.480687006065050326e+01 5.205139834730146298e+00
7.113370161537978520e-01 2.477098752129837678e+01 5.210197053669383571e+00
7.124620786231941061e-01 2.473519341022722173e+01 5.215251287751328846e+00
7.135873118975037954e-01 2.469948744200142698e+01 5.220302530164000920e+00
7.147127162017764546e-01 2.466386933221081890e+01 5.225350774136199306e+00
7.158382917609876772e-01 2.462833879747071109e+01 5.230396012936825656e+00
7.169640388000358966e-01 2.459289555542079597e+01 5.235438239874366850e+00
7.180899575437372784e-01 2.455753932471385426e+01 5.240477448297826690e+00
7.192160482168226121e-01 2.452226982502200769e+01 5.245513631595172477e+00
7.203423110439326482e-01 2.448708677702937209e+01 5.250546783193700051e+00
7.214687462496151005e-01 2.445198990242759152e+01 5.255576896560008038e+00
7.225953540583204271e-01 2.441697892391582414e+01 5.260603965199337040e+00
7.237221346943980560e-01 2.438205356518901468e+01 5.265627982656575945e+00
7.248490883820923880e-01 2.434721355094903217e+01 5.270648942513996182e+00
7.259762153455399103e-01 2.431245860688738247e+01 5.275666838393070712e+00
7.271035158087649775e-01 2.427778845969242738e+01 5.280681663952774052e+00
7.282309899956763699e-01 2.424320283703768553e+01 5.285693412890595688e+00
7.293586381300639632e-01 2.420870146758515062e+01 5.290702078941404096e+00
7.304864604355949531e-01 2.417428408098024661e+01 5.295707655877507136e+00
7.316144571358110804e-01 2.413995040784302759e+01 5.300710137509270226e+00
7.327426284541244117e-01 2.410570017977250146e+01 5.305709517683829368e+00
7.338709746138142309e-01 2.407153312934217126e+01 5.310705790285064509e+00
7.349994958380243748e-01 2.403744899009613434e+01 5.315698949233522264e+00
7.361281923497594581e-01 2.400344749653710608e+01 5.320688988487495941e+00
7.372570643718815431e-01 2.396952838413718112e+01 5.325675902040803322e+00
7.383861121271071415e-01 2.393569138932904039e+01 5.330659683923404835e+00
7.395153358380045505e-01 2.390193624949836959e+01 5.335640328201861848e+00
7.406447357269900778e-01 2.386826270298854880e+01 5.340617828978000858e+00
7.417743120163254877e-01 2.383467048908561736e+01 5.345592180390452697e+00
7.429040649281144493e-01 2.380115934803042421e+01 5.350563376612231359e+00
7.440339946843002039e-01 2.376772902100250562e+01 5.355531411852441970e+00
7.451641015066626794e-01 2.373437925012532546e+01 5.360496280354859699e+00
7.462943856168149370e-01 2.370110977845657629e+01 5.365457976398716688e+00
7.474248472362008400e-01 2.366792034998863414e+01 5.370416494297985288e+00
7.485554865860922780e-01 2.363481070964888886e+01 5.375371828400664853e+00
7.496863038875861696e-01 2.360178060328444261e+01 5.380323973090441747e+00
7.508172993616021307e-01 2.356882977767345722e+01 5.385272922784318794e+00
7.519484732288790330e-01 2.353595798051300392e+01 5.390218671933800110e+00
7.530798257099733384e-01 2.350316496041478231e+01 5.395161215024883106e+00
7.542113570252555466e-01 2.347045046691323833e+01 5.400100546576195093e+00
7.553430673949081964e-01 2.343781425044832645e+01 5.405036661140938392e+00
7.564749570389236455e-01 2.340525606236846912e+01 5.409969553305800538e+00
7.576070261771004066e-01 2.337277565492937725e+01 5.414899217690504862e+00
7.587392750290415933e-01 2.334037278128772286e+01 5.419825648948102703e+00
7.598717038141525881e-01 2.330804719550246773e+01 5.424748841764146512e+00
7.610043127516378236e-01 2.327579865252501179e+01 5.429668790857536287e+00
7.621371020604994495e-01 2.324362690819803134e+01 5.434585490980061273e+00
7.632700719595340022e-01 2.321153171925681136e+01 5.439498936915576621e+00
7.644032226673304065e-01 2.317951284331997286e+01 5.444409123480750345e+00
7.655365544022684210e-01 2.314757003889431530e+01 5.449316045523707963e+00
7.666700673825153078e-01 2.311570306536353314e+01 5.454219697925121402e+00
7.678037618260240560e-01 2.308391168298559037e+01 5.459120075597978072e+00
7.689376379505318271e-01 2.305219565289849371e+01 5.464017173486056755e+00
7.700716959735565137e-01 2.302055473710216305e+01 5.468910986566099197e+00
7.712059361123960732e-01 2.298898869847614890e+01 5.473801509844440361e+00
7.723403585841253083e-01 2.295749730075507600e+01 5.478688738360157018e+00
7.734749636055939792e-01 2.292608030853692824e+01 5.483572667183191029e+00
7.746097513934256940e-01 2.289473748727937519e+01 5.488453291414265856e+00
7.757447221640145774e-01 2.286346860329416231e+01 5.493330606185138798e+00
7.768798761335240499e-01 2.283227342374543767e+01 5.498204606658241289e+00
7.780152135178850514e-01 2.280115171665053708e+01 5.503075288025926604e+00
7.791507345327938205e-01 2.277010325086751763e+01 5.507942645511791468e+00
7.802864393937095633e-01 2.273912779609553425e+01 5.512806674370008153e+00
7.814223283158537869e-01 2.270822512287996631e+01 5.517667369883889172e+00
7.825584015142068584e-01 2.267739500259909491e+01 5.522524727367360775e+00
7.836946592035082260e-01 2.264663720746924014e+01 5.527378742163542746e+00
7.848311015982523120e-01 2.261595151053342789e+01 5.532229409645904816e+00
7.859677289126886235e-01 2.258533768565980182e+01 5.537076725217918494e+00
7.871045413608193098e-01 2.255479550754672857e+01 5.541920684311624434e+00
7.882415391563970530e-01 2.252432475171390536e+01 5.546761282388427361e+00
7.893787225129241802e-01 2.249392519449931527e+01 5.551598514938964612e+00
7.905160916436506646e-01 2.246359661305283950e+01 5.556432377483514706e+00
7.916536467615722383e-01 2.243333878534132708e+01 5.561262865570582470e+00
7.927913880794293933e-01 2.240315149014028151e+01 5.566089974777610472e+00
7.939293158097051606e-01 2.237303450703227981e+01 5.570913700710625527e+00
7.950674301646234454e-01 2.234298761640060960e+01 5.575734039004642817e+00
7.962057313561488048e-01 2.231301059943620402e+01 5.580550985321973023e+00
7.973442195959834500e-01 2.228310323812231886e+01 5.585364535354041315e+00
7.984828950955660254e-01 2.225326531523535323e+01 5.590174684820693685e+00
7.996217580660712754e-01 2.222349661435260870e+01 5.594981429468306899e+00
8.007608087184066026e-01 2.219379691982918601e+01 5.599784765072945092e+00
8.019000472632130672e-01 2.216416601681694587e+01 5.604584687436678259e+00
8.030394739108619451e-01 2.213460369124568317e+01 5.609381192390045179e+00
8.041790888714540619e-01 2.210510972982206468e+01 5.614174275791611102e+00
8.053188923548192379e-01 2.207568392003638635e+01 5.618963933526300636e+00
8.064588845705132902e-01 2.204632605015359559e+01 5.623750161506237966e+00
8.075990657278182550e-01 2.201703590920665832e+01 5.628532955671250448e+00
8.087394360357406109e-01 2.198781328699552162e+01 5.633312311988442289e+00
8.098799957030090590e-01 2.195865797409241083e+01 5.638088226450742368e+00
8.110207449380752998e-01 2.192956976182838602e+01 5.642860695078506517e+00
8.121616839491105910e-01 2.190054844229771547e+01 5.647629713918221661e+00
8.133028129440058596e-01 2.187159380834684441e+01 5.652395279043727072e+00
8.144441321303704795e-01 2.184270565358054483e+01 5.657157386554619194e+00
8.155856417155306071e-01 2.181388377235768417e+01 5.661916032576367108e+00
8.167273419065279594e-01 2.178512795977928462e+01 5.666671213261694540e+00
8.178692329101194813e-01 2.175643801169878699e+01 5.671422924788311448e+00
8.190113149327752362e-01 2.172781372470836558e+01 5.676171163360583805e+00
8.201535881806782946e-01 2.169925489614325187e+01 5.680915925208264383e+00
8.212960528597226251e-01 2.167076132407622779e+01 5.685657206586800072e+00
8.224387091755125390e-01 2.164233280731387765e+01 5.690395003777399374e+00
8.235815573333620243e-01 2.161396914539292524e+01 5.695129313087067047e+00
8.247245975382931915e-01 2.158567013858533201e+01 5.699860130847173245e+00
8.258678299950350521e-01 2.155743558788624981e+01 5.704587453414889708e+00
8.270112549080237407e-01 2.152926529501208108e+01 5.709311277172962384e+00
8.281548724813995177e-01 2.150115906240081998e+01 5.714031598529072831e+00
8.292986829190081011e-01 2.147311669321579330e+01 5.718748413914639173e+00
8.304426864243977802e-01 2.144513799133018850e+01 5.723461719786858914e+00
8.315868832008195266e-01 2.141722276132609082e+01 5.728171512628303930e+00
8.327312734512264392e-01 2.138937080850521610e+01 5.732877788944543695e+00
8.338758573782714123e-01 2.136158193887134260e+01 5.737580545266556697e+00
8.350206351843073582e-01 2.133385595913066268e+01 5.742279778150097158e+00
8.361656070713867628e-01 2.130619267669812089e+01 5.746975484174080329e+00
8.373107732412591320e-01 2.127859189968216214e+01 5.751667659942594213e+00
8.384561338953721021e-01 2.125105343689322268e+01 5.756356302082911824e+00
8.396016892348693306e-01 2.122357709783028312e+01 5.761041407247216917e+00
8.407474394605898294e-01 2.119616269268635378e+01 5.765722972111119837e+00
8.418933847730682984e-01 2.116881003234572134e+01 5.770400993373570486e+00
8.430395253725325722e-01 2.114151892837535485e+01 5.775075467757778469e+00
8.441858614589041743e-01 2.111428919302688811e+01 5.779746392010324030e+00
8.453323932317975409e-01 2.108712063923438151e+01 5.784413762900988409e+00
8.464791208905180220e-01 2.106001308060746169e+01 5.789077577223394222e+00
8.476260446340633248e-01 2.103296633143204630e+01 5.793737831794326887e+00
8.487731646611202940e-01 2.100598020666938837e+01 5.798394523453350935e+00
8.499204811700662443e-01 2.097905452195008635e+01 5.803047649063316271e+00
8.510679943589676277e-01 2.095218909357355841e+01 5.807697205509890992e+00
8.522157044255788128e-01 2.092538373850126376e+01 5.812343189702191992e+00
8.533636115673419731e-01 2.089863827435996768e+01 5.816985598571701388e+00
8.545117159813868657e-01 2.087195251943951035e+01 5.821624429072091544e+00
8.556600178645290544e-01 2.084532629268112203e+01 5.826259678180737644e+00
8.568085174132704651e-01 2.081875941368729599e+01 5.830891342896447505e+00
8.579572148237981644e-01 2.079225170271008238e+01 5.835519420240981248e+00
8.591061102919836934e-01 2.076580298065350760e+01 5.840143907258095624e+00
8.602552040133830680e-01 2.073941306906568371e+01 5.844764801014384226e+00
8.614044961832353353e-01 2.071308179014285145e+01 5.849382098598047364e+00
8.625539869964629069e-01 2.068680896672556102e+01 5.853995797119033284e+00
8.637036766476707816e-01 2.066059442229170529e+01 5.858605893709727397e+00
8.648535653311454352e-01 2.063443798095402215e+01 5.863212385524878556e+00
8.660036532408552645e-01 2.060833946746772227e+01 5.867815269739726780e+00
8.671539405704490333e-01 2.058229870721742572e+01 5.872414543551769839e+00
8.683044275132562051e-01 2.055631552621794711e+01 5.877010204180123765e+00
8.694551142622864992e-01 2.053038975111020648e+01 5.881602248865718252e+00
8.706060010102285585e-01 2.050452120916118659e+01 5.886190674870785955e+00
8.717570879494500602e-01 2.047870972826463998e+01 5.890775479478218557e+00
8.729083752719977163e-01 2.045295513693382361e+01 5.895356659992339488e+00
8.740598631695958298e-01 2.042725726429432598e+01 5.899934213739671307e+00
8.752115518336467392e-01 2.040161594009355284e+01 5.904508138066733025e+00
8.763634414552300411e-01 2.037603099469350809e+01 5.909078430340810151e+00
8.775155322251018131e-01 2.035050225906126187e+01 5.913645087951149293e+00
8.786678243336952798e-01 2.032502956477603462e+01 5.918208108307183579e+00
8.798203179711191479e-01 2.029961274402521454e+01 5.922767488838740491e+00
8.809730133271577168e-01 2.027425162959801241e+01 5.927323226996665362e+00
8.821259105912714338e-01 2.024894605488387356e+01 5.931875320252618877e+00
8.832790099525948957e-01 2.022369585387248136e+01 5.936423766098552157e+00
8.844323115999378482e-01 2.019850086115214083e+01 5.940968562046509582e+00
8.855858157217841864e-01 2.017336091190274772e+01 5.945509705629395292e+00
8.867395225062911779e-01 2.014827584190121001e+01 5.950047194399489037e+00
8.878934321412909059e-01 2.012324548751056952e+01 5.954581025929923221e+00
8.890475448142878268e-01 2.009826968568001959e+01 5.959111197814174865e+00
8.902018607124595473e-01 2.007334827394720378e+01 5.963637707665161436e+00
8.913563800226569356e-01 2.004848109043663840e+01 5.968160553115030353e+00
8.925111029314025668e-01 2.002366797384282293e+01 5.972679731817736482e+00
8.936660296248919444e-01 1.999890876345020274e+01 5.977195241444915652e+00
8.948211602889918348e-01 1.997420329911323478e+01 5.981707079689039475e+00
8.959764951092408225e-01 1.994955142125873593e+01 5.986215244262486301e+00
8.971320342708490880e-01 1.992495297089043760e+01 5.990719732896224059e+00
8.982877779586977418e-01 1.990040778958214318e+01 5.995220543340587405e+00
8.994437263573387131e-01 1.987591571946866154e+01 5.999717673366442128e+00
9.005998796509950832e-01 1.985147660325644026e+01 6.004211120762759535e+00
9.017562380235596420e-01 1.982709028420922692e+01 6.008700883338764953e+00
9.029128016585962202e-01 1.980275660615638600e+01 6.013186958921936665e+00
9.040695707393383573e-01 1.977847541348315374e+01 6.017669345359311528e+00
9.052265454486888574e-01 1.975424655113216943e+01 6.022148040516733580e+00
9.063837259692213433e-01 1.973006986459979473e+01 6.026623042279054765e+00
9.075411124831782583e-01 1.970594519993388616e+01 6.031094348550068318e+00
9.086987051724709774e-01 1.968187240373089253e+01 6.035561957252588705e+00
9.098565042186808061e-01 1.965785132314105255e+01 6.040025866326997672e+00
9.110145098030574262e-01 1.963388180585071652e+01 6.044486073734070430e+00
9.121727221065198954e-01 1.960996370009788237e+01 6.048942577451604130e+00
9.133311413096554254e-01 1.958609685465969008e+01 6.053395375476297247e+00
9.144897675927199376e-01 1.956228111884740528e+01 6.057844465824203439e+00
9.156486011356379517e-01 1.953851634251524061e+01 6.062289846528621240e+00
9.168076421180021418e-01 1.951480237605014878e+01 6.066731515641555994e+00
9.179668907190732252e-01 1.949113907037483884e+01 6.071169471232657600e+00
9.191263471177802957e-01 1.946752627693544468e+01 6.075603711391110551e+00
9.202860114927200463e-01 1.944396384771253139e+01 6.080034234223085754e+00
9.214458840221571023e-01 1.942045163521171958e+01 6.084461037853051479e+00
9.226059648840242433e-01 1.939698949246661996e+01 6.088884120422757285e+00
9.237662542559212930e-01 1.937357727302884669e+01 6.093303480092666646e+00
9.249267523151163406e-01 1.935021483097026262e+01 6.097719115041077664e+00
9.260874592385444082e-01 1.932690202088093656e+01 6.102131023464059112e+00
9.272483752028082282e-01 1.930363869787060693e+01 6.106539203574719465e+00
9.284095003841781324e-01 1.928042471756520726e+01 6.110943653603407633e+00
9.295708349585914965e-01 1.925725993609556852e+01 6.115344371799417367e+00
9.307323791016529624e-01 1.923414421010465958e+01 6.119741356429161172e+00
9.318941329886348823e-01 1.921107739674904380e+01 6.124134605775444662e+00
9.330560967944758755e-01 1.918805935368699878e+01 6.128524118139290877e+00
9.342182706937830483e-01 1.916508993908139757e+01 6.132909891838933980e+00
9.353806548608296634e-01 1.914216901159915807e+01 6.137291925209494181e+00
9.365432494695560273e-01 1.911929643040710047e+01 6.141670216603319687e+00
9.377060546935706009e-01 1.909647205516856872e+01 6.146044764390205195e+00
9.388690707061478902e-01 1.907369574604564733e+01 6.150415566956509927e+00
9.400322976802297781e-01 1.905096736369022281e+01 6.154782622706459705e+00
9.411957357884257469e-01 1.902828676925590301e+01 6.159145930059404250e+00
9.423593852030116569e-01 1.900565382437800821e+01 6.163505487453225129e+00
9.435232460959310785e-01 1.898306839118412626e+01 6.167861293341891482e+00
9.446873186387942933e-01 1.896053033228865914e+01 6.172213346196071093e+00
9.458516030028787380e-01 1.893803951078818670e+01 6.176561644503574477e+00
9.470160993591295595e-01 1.891559579026705862e+01 6.180906186767877841e+00
9.481808078781586158e-01 1.889319903478860496e+01 6.185246971509377190e+00
9.493457287302446979e-01 1.887084910889120337e+01 6.189583997265717841e+00
9.505108620853348622e-01 1.884854587759659950e+01 6.193917262589774708e+00
9.516762081130424322e-01 1.882628920639576720e+01 6.198246766051955348e+00
9.528417669826489966e-01 1.880407896126124001e+01 6.202572506237391536e+00
9.540075388631029663e-01 1.878191500862898167e+01 6.206894481749038128e+00
9.551735239230201291e-01 1.875979721541006029e+01 6.211212691204987202e+00
9.563397223306846495e-01 1.873772544897929038e+01 6.215527133240252411e+00
9.575061342540476250e-01 1.871569957718350352e+01 6.219837806504754596e+00
9.586727598607276413e-01 1.869371946832622555e+01 6.224144709665878850e+00
9.598395993180116603e-01 1.867178499117861534e+01 6.228447841405939656e+00
9.610066527928539104e-01 1.864989601497356375e+01 6.232747200422907419e+00
9.621739204518773292e-01 1.862805240939852069e+01 6.237042785431408554e+00
9.633414024613721205e-01 1.860625404459837640e+01 6.241334595161756482e+00
9.645090989872964204e-01 1.858450079117495335e+01 6.245622628359628337e+00
9.656770101952776297e-01 1.856279252018649117e+01 6.249906883785768308e+00
9.668451362506103042e-01 1.854112910313660478e+01 6.254187360217751568e+00
9.680134773182579311e-01 1.851951041198174153e+01 6.258464056448101331e+00
9.691820335628528182e-01 1.849793631912739755e+01 6.262736971284648568e+00
9.703508051486949837e-01 1.847640669742110120e+01 6.267006103551501894e+00
9.715197922397541541e-01 1.845492142016437853e+01 6.271271452086272014e+00
9.726889949996683216e-01 1.843348036109134824e+01 6.275533015743928189e+00
9.738584135917445206e-01 1.841208339438007968e+01 6.279790793394139037e+00
9.750280481789591613e-01 1.839073039465079873e+01 6.284044783921224564e+00
9.761978989239575855e-01 1.836942123696151086e+01 6.288294986224634009e+00
9.773679659890545102e-01 1.834815579680177322e+01 6.292541399219793163e+00
9.785382495362344724e-01 1.832693395009741977e+01 6.296784021836758782e+00
9.797087497271512735e-01 1.830575557320948121e+01 6.301022853020053383e+00
9.808794667231287567e-01 1.828462054292663908e+01 6.305257891729763919e+00
9.820504006851606960e-01 1.826352873646677111e+01 6.309489136940855225e+00
9.832215517739104627e-01 1.824248003147522823e+01 6.313716587643123823e+00
9.843929201497124692e-01 1.822147430602633733e+01 6.317940242840498932e+00
9.855645059725710588e-01 1.820051143861530463e+01 6.322160101552287692e+00
9.867363094021609493e-01 1.817959130815847857e+01 6.326376162812736403e+00
9.879083305978281215e-01 1.815871379399611030e+01 6.330588425670082842e+00
9.890805697185887091e-01 1.813787877588497111e+01 6.334796889187670921e+00
9.902530269231307747e-01 1.811708613400426060e+01 6.339001552442365295e+00
9.914257023698129778e-01 1.809633574894198915e+01 6.343202414526919242e+00
9.925985962166653520e-01 1.807562750170213661e+01 6.347399474548161891e+00
9.937717086213899709e-01 1.805496127370553339e+01 6.351592731626427124e+00
9.949450397413603930e-01 1.803433694678190946e+01 6.355782184896787257e+00
9.961185897336218842e-01 1.801375440316517640e+01 6.359967833509635682e+00
9.972923587548923052e-01 1.799321352550366981e+01 6.364149676628236385e+00
9.984663469615614462e-01 1.797271419685226945e+01 6.368327713429942527e+00
9.996405545096921363e-01 1.795225630066395084e+01 6.372501943107543809e+00
1.000814981555019134e+00 1.793183972079816257e+01 6.376672364867200571e+00
1.001989628252950792e+00 1.791146434151546885e+01 6.380838977929141898e+00
1.003164494758568281e+00 1.789113004747903801e+01 6.385001781527015474e+00
1.004339581226626255e+00 1.787083672374568621e+01 6.389160774909336205e+00
1.005514887811552294e+00 1.785058425576984220e+01 6.393315957338310263e+00
1.006690414667448463e+00 1.783037252940562212e+01 6.397467328089045502e+00
1.007866161948090422e+00 1.781020143089183350e+01 6.401614886452262176e+00
1.009042129806928090e+00 1.779007084686871920e+01 6.405758631730483543e+00
1.010218318397085424e+00 1.776998066436238943e+01 6.409898563240887803e+00
1.011394727871361532e+00 1.774993077078632453e+01 6.414034680314618875e+00
1.012571358382229558e+00 1.772992105394528650e+01 6.418166982295639755e+00
1.013748210081838685e+00 1.770995140202714424e+01 6.422295468542042585e+00
1.014925283122012134e+00 1.769002170360374393e+01 6.426420138425515738e+00
1.016102577654249828e+00 1.767013184763182920e+01 6.430540991330810030e+00
1.017280093829726173e+00 1.765028172345087043e+01 6.434658026655802665e+00
1.018457831799292945e+00 1.763047122077620088e+01 6.438771243812590583e+00
1.019635791713476847e+00 1.761070022970409354e+01 6.442880642226073817e+00
1.020813973722481283e+00 1.759096864070667365e+01 6.446986221334658929e+00
1.021992377976186805e+00 1.757127634463222421e+01 6.451087980589846893e+00
1.023171004624150449e+00 1.755162323270428359e+01 6.455185919456059018e+00
1.024349853815606171e+00 1.753200919651484213e+01 6.459280037411726738e+00
1.025528925699465965e+00 1.751243412803056643e+01 6.463370333947623614e+00
1.026708220424318752e+00 1.749289791958662477e+01 6.467456808567826343e+00
1.027887738138431928e+00 1.747340046388870149e+01 6.471539460788923392e+00
1.029067478989750706e+00 1.745394165400571396e+01 6.475618290141214040e+00
1.030247443125898554e+00 1.743452138337072554e+01 6.479693296168172800e+00
1.031427630694177866e+00 1.741513954578476131e+01 6.483764478425300126e+00
1.032608041841569513e+00 1.739579603541067598e+01 6.487831836481057657e+00
1.033788676714733956e+00 1.737649074677055694e+01 6.491895369917100034e+00
1.034969535460010803e+00 1.735722357474667632e+01 6.495955078327705579e+00
1.036150618223419473e+00 1.733799441458001667e+01 6.500010961319775404e+00
1.037331925150659195e+00 1.731880316186832047e+01 6.504063018512880490e+00
1.038513456387109457e+00 1.729964971256350381e+01 6.508111249539496157e+00
1.039695371572652460e+00 1.729008754795625435e+01 6.510133842074664834e+00
