sr b Me
0.000000000000000000e+00 8.998072433700590977e+01 1.927655555918510899e+00
9.081433467999491457e-05 8.995653238496613824e+01 1.927656280316066173e+00
1.956159159723047083e-04 8.990470845191536853e+01 1.927659712187471897e+00
3.229269557313438560e-04 8.984737337218996345e+01 1.927666495909021060e+00
4.668657471702933109e-04 8.978642494907975902e+01 1.927677147696007065e+00
6.241560694904034002e-04 8.972268943843248223e+01 1.927692079149718074e+00
7.927697595742071602e-04 8.965665790543189928e+01 1.927711637904197861e+00
9.713151299435672384e-04 8.958866138368971122e+01 1.927736128100428825e+00
1.158767591611016470e-03 8.951894021494916842e+01 1.927765821993381978e+00
1.354334961653422048e-03 8.944767781413644059e+01 1.927800967246562802e+00
1.557382553954450837e-03 8.937501929624663433e+01 1.927841791854696396e+00
1.767387988334242826e-03 8.930108266934773553e+01 1.927888507642727012e+00
1.983912169236663747e-03 8.922596599741871159e+01 1.927941312853185929e+00
2.206579711274369443e-03 8.914975221210515599e+01 1.928000394119962158e+00
2.435065206697450101e-03 8.907251247266101757e+01 1.928065928012423047e+00
2.669083276117241096e-03 8.899430858757557417e+01 1.928138082268813891e+00
2.908381164454511020e-03 8.891519480662657315e+01 1.928217016798834171e+00
3.152733104815649227e-03 8.883521917705792248e+01 1.928302884510811888e+00
3.401935944191289852e-03 8.875442458982827532e+01 1.928395832002996801e+00
3.655805691039271631e-03 8.867284960035948416e+01 1.928496000147778222e+00
3.914174750206441539e-03 8.859052908189516984e+01 1.928603524590298823e+00
4.176889679522866397e-03 8.850749475239641129e+01 1.928718536177726373e+00
4.443809348614661398e-03 8.842377560439105366e+01 1.928841161331701803e+00
4.714803412213412759e-03 8.833939825930418976e+01 1.928971522373755354e+00
4.989751032482131303e-03 8.825438726228087205e+01 1.929109737811403935e+00
5.268539800757969516e-03 8.816876532958326607e+01 1.929255922591131212e+00
5.551064820639804893e-03 8.808255355780038087e+01 1.929410188323237074e+00
5.837227922843753192e-03 8.799577160201896220e+01 1.929572643482638572e+00
6.126936988595769844e-03 8.790843782854788913e+01 1.929743393588974731e+00
6.420105363130737021e-03 8.782056944661563591e+01 1.929922541368782607e+00
6.716651344540192949e-03 8.773218262256456512e+01 1.930110186902101344e+00
7.016497736050647527e-03 8.764329257937748707e+01 1.930306427755415388e+00
7.319571452031590521e-03 8.755391368383445183e+01 1.930511359102624613e+00
7.625803169779129566e-03 8.746405952317716981e+01 1.930725073835427796e+00
7.935127020508775386e-03 8.737374297282433133e+01 1.930947662664330933e+00
8.247480314102042728e-03 8.728297625641559421e+01 1.931179214211319328e+00
8.562803293047507175e-03 8.719177099924776542e+01 1.931419815095078318e+00
8.881038911744607717e-03 8.710013827599351544e+01 1.931669550009555092e+00
9.202132637933123013e-03 8.700808865345233301e+01 1.931928501796517095e+00
9.526032273499967715e-03 8.691563222896786556e+01 1.932196751512726074e+00
9.852687792319281962e-03 8.682277866504998087e+01 1.932474378492224476e+00
1.018205119311763225e-02 8.672953722066220905e+01 1.932761460404209597e+00
1.051407636563681663e-02 8.663591677956839021e+01 1.933058073306891389e+00
1.084871896860238605e-02 8.654192587607803944e+01 1.933364291697704296e+00
1.118593631820460031e-02 8.644757271848364155e+01 1.933680188560177982e+00
1.152568728596680379e-02 8.635286521044409369e+01 1.934005835407775820e+00
1.186793220501916428e-02 8.625781097053550184e+01 1.934341302324928735e+00
1.221263278391792120e-02 8.616241735016208736e+01 1.934686658005526860e+00
1.255975202725483249e-02 8.606669144999659693e+01 1.935041969789042193e+00
1.290925416239143038e-02 8.597064013509857716e+01 1.935407303694500536e+00
1.326110457173037237e-02 8.587427004884067117e+01 1.935782724452441927e+00
1.361526973000326719e-02 8.577758762575925289e+01 1.936168295535044992e+00
1.397171714611265478e-02 8.568059910343104946e+01 1.936564079184541542e+00
1.433041530911662725e-02 8.558331053346635997e+01 1.936970136440053114e+00
1.469133363798888481e-02 8.548572779169977309e+01 1.937386527162951344e+00
1.505444243482581025e-02 8.538785658765065989e+01 1.937813310060876093e+00
1.541971284120624217e-02 8.528970247331692178e+01 1.938250542710468149e+00
1.578711679743964591e-02 8.519127085136059918e+01 1.938698281578935978e+00
1.615662700446475475e-02 8.509256698273605934e+01 1.939156582044522681e+00
1.652821688818418427e-02 8.499359599380809982e+01 1.939625498415947558e+00
1.690186056604132264e-02 8.489436288300137790e+01 1.940105083950893317e+00
1.727753281566407964e-02 8.479487252701885325e+01 1.940595390873604220e+00
1.765520904541650893e-02 8.469512968666397512e+01 1.941096470391642903e+00
1.803486526671410628e-02 8.459513901229705368e+01 1.941608372711870034e+00
1.841647806797126058e-02 8.449490504895409515e+01 1.942131147055697227e+00
1.880002459006144266e-02 8.439443224115376552e+01 1.942664841673640952e+00
1.918548250318091036e-02 8.429372493741536232e+01 1.943209503859247844e+00
1.957282998501624557e-02 8.419278739450943760e+01 1.943765179962405165e+00
1.996204570012453244e-02 8.409162378145992989e+01 1.944331915402094602e+00
2.035310878044249705e-02 8.399023818331579605e+01 1.944909754678602498e+00
2.074599880684804484e-02 8.388863460470828670e+01 1.945498741385239816e+00
2.114069579170356483e-02 8.378681697320847377e+01 1.946098918219582696e+00
2.153718016231642718e-02 8.368478914249890011e+01 1.946710326994277596e+00
2.193543274525671868e-02 8.358255489537172878e+01 1.947333008647421870e+00
2.233543475147742666e-02 8.348011794656467544e+01 1.947967003252554452e+00
2.273716776218613622e-02 8.337748194544603564e+01 1.948612350028285700e+00
2.314061371542127515e-02 8.327465047855753255e+01 1.949269087347555773e+00
2.354575489328963184e-02 8.317162707202479055e+01 1.949937252746590799e+00
2.395257390982467177e-02 8.306841519384376227e+01 1.950616882933533303e+00
2.436105369942864751e-02 8.296501825605024294e+01 1.951308013796780649e+00
2.477117750586359940e-02 8.286143961678007486e+01 1.952010680413054367e+00
2.518292887175936981e-02 8.275768258222663576e+01 1.952724917055207898e+00
2.559629162860852306e-02 8.265375040850146604e+01 1.953450757199782117e+00
2.601124988722047088e-02 8.254964630340452914e+01 1.954188233534340347e+00
2.642778802860886594e-02 8.244537342810795622e+01 1.954937377964577339e+00
2.684589069528804314e-02 8.234093489875942851e+01 1.955698221621221755e+00
2.726554278295605441e-02 8.223633378801021365e+01 1.956470794866749685e+00
2.768672943254312305e-02 8.213157312647007302e+01 1.957255127301911202e+00
2.810943602260596030e-02 8.202665590409536378e+01 1.958051247772084169e+00
2.853364816204942075e-02 8.192158507151253843e+01 1.958859184373461515e+00
2.895935168315826036e-02 8.181636354128126243e+01 1.959678964459094841e+00
2.938653263492299605e-02 8.171099418910016254e+01 1.960510614644776828e+00
2.981517727664445214e-02 8.160547985495813350e+01 1.961354160814805514e+00
3.024527207180307403e-02 8.149982334423462760e+01 1.962209628127603134e+00
3.067680368217939185e-02 8.139402742875104479e+01 1.963077041021218383e+00
3.110975896221334150e-02 8.128809484777526961e+01 1.963956423218720992e+00
3.154412495359043556e-02 8.118202830898349021e+01 1.964847797733483281e+00
3.197988888004386215e-02 8.107583048937951276e+01 1.965751186874356460e+00
3.241703814236190917e-02 8.096950403617478287e+01 1.966666612250756119e+00
3.285556031359102014e-02 8.086305156763145874e+01 1.967594094777656455e+00
3.329544313442509007e-02 8.075647567386840819e+01 1.968533654680504341e+00
3.373667450877225471e-02 8.064977891763396656e+01 1.969485311500047686e+00
3.417924249949103738e-02 8.054296383504677692e+01 1.970449084097095849e+00
3.462313532428782509e-02 8.043603293630521023e+01 1.971424990657200560e+00
3.506834135176852690e-02 8.032898870636716993e+01 1.972413048695288662e+00
3.551484909763723968e-02 8.022183360560316601e+01 1.973413275060208916e+00
3.596264722103550276e-02 8.011457007042089629e+01 1.974425685939252162e+00
3.641172452101578555e-02 8.000720051386568343e+01 1.975450296862595767e+00
3.686206993314319197e-02 7.989972732619675355e+01 1.976487122707697663e+00
3.731367252622010133e-02 7.979215287543905788e+01 1.977536177703664633e+00
3.776652149912802792e-02 7.968447950791458823e+01 1.978597475435555975e+00
3.822060617778196695e-02 7.957670954875095504e+01 1.979671028848658310e+00
3.867591601219224490e-02 7.946884530237100819e+01 1.980756850252720858e+00
3.913244057362946088e-02 7.936088905296237783e+01 1.981854951326156078e+00
3.959016955188806447e-02 7.925284306492852693e+01 1.982965343120209889e+00
4.004909275264461471e-02 7.914470958332347550e+01 1.984088036063094806e+00
4.050920009490668883e-02 7.903649083426674338e+01 1.985223039964117975e+00
4.097048160854876997e-02 7.892818902534497738e+01 1.986370364017758572e+00
4.143292743193164457e-02 7.881980634599676705e+01 1.987530016807734334e+00
4.189652780960179124e-02 7.871134496788278057e+01 1.988702006311050319e+00
4.236127309006773589e-02 7.860280704524082296e+01 1.989886339902028123e+00
4.282715372365016038e-02 7.849419471522850245e+01 1.991083024356317788e+00
4.329416026040294047e-02 7.838551009825283700e+01 1.992292065854884831e+00
4.376228334810223358e-02 7.827675529828589163e+01 1.993513469988000830e+00
4.423151373030120154e-02 7.816793240316953018e+01 1.994747241759212253e+00
4.470184224444748167e-02 7.805904348490854261e+01 1.995993385589299285e+00
4.517325982006131085e-02 7.795009059995173573e+01 1.997251905320229559e+00
4.564575747697168645e-02 7.784107578946411365e+01 1.998522804219095450e+00
4.611932632360878082e-02 7.773200107958672334e+01 1.999806084982059806e+00
4.659395755534997269e-02 7.762286848168872666e+01 2.001101749738276148e+00
4.706964245291790638e-02 7.751367999260816077e+01 2.002409800053824185e+00
4.754637238082843470e-02 7.740443759488479714e+01 2.003730236935635567e+00
4.802413878588656510e-02 7.729514325698444566e+01 2.005063060835398758e+00
4.850293319572889644e-02 7.718579893351400756e+01 2.006408271653495667e+00
4.898274721741049248e-02 7.707640656542878332e+01 2.007765868742912296e+00
4.946357253603481108e-02 7.696696808023230574e+01 2.009135850913158716e+00
4.994540091342504484e-02 7.685748539216913855e+01 2.010518216434183270e+00
5.042822418683545055e-02 7.674796040240894968e+01 2.011912963040298319e+00
5.091203426770109924e-02 7.663839499922559639e+01 2.013320087934098002e+00
5.139682314042481881e-02 7.652879105816778349e+01 2.014739587790391973e+00
5.188258286119991347e-02 7.641915044222520237e+01 2.016171458760116941e+00
5.236930555686739736e-02 7.630947500198706734e+01 2.017615696474279741e+00
5.285698342380663883e-02 7.619976657579506707e+01 2.019072296047888848e+00
5.334560872685811805e-02 7.609002698989172586e+01 2.020541252083883688e+00
5.383517379827718746e-02 7.598025805856102011e+01 2.022022558677094128e+00
5.432567103671782222e-02 7.587046158426626619e+01 2.023516209418174672e+00
5.481709290624533354e-02 7.576063935778147140e+01 2.025022197397557289e+00
5.530943193537696256e-02 7.565079315831744111e+01 2.026540515209422466e+00
5.580268071614941788e-02 7.554092475364492998e+01 2.028071154955642275e+00
5.629683190321257275e-02 7.543103590021142679e+01 2.029614108249763849e+00
5.679187821294812838e-02 7.532112834325452866e+01 2.031169366220980432e+00
5.728781242261282020e-02 7.521120381691090984e+01 2.032736919518107754e+00
5.778462736950490397e-02 7.510126404432128311e+01 2.034316758313574613e+00
5.828231595015346406e-02 7.499131073773190792e+01 2.035908872307404138e+00
5.878087111952958604e-02 7.488134559859091155e+01 2.037513250731226577e+00
5.928028589027867917e-02 7.477137031764242181e+01 2.039129882352279211e+00
5.978055333197348359e-02 7.466138657501757336e+01 2.040758755477399156e+00
6.028166657038661058e-02 7.455139604032008549e+01 2.042399857957060139e+00
6.078361878678243541e-02 7.444140037271073140e+01 2.044053177189380399e+00
6.128640321722739898e-02 7.433140122098738800e+01 2.045718700124156797e+00
6.179001315191825355e-02 7.422140022366386347e+01 2.047396413266877602e+00
6.229444193452762096e-02 7.411139900904255740e+01 2.049086302682785465e+00
6.279968296156622498e-02 7.400139919528729138e+01 2.050788354000912861e+00
6.330572968176144399e-02 7.389140239049388015e+01 2.052502552418105974e+00
6.381257559545136515e-02 7.378141019275474832e+01 2.054228882703103665e+00
6.432021425399411796e-02 7.367142419022376032e+01 2.055967329200591998e+00
6.482863925919181425e-02 7.356144596117961498e+01 2.057717875835233912e+00
6.533784426272869206e-02 7.345147707408249005e+01 2.059480506115785037e+00
6.584782296562287363e-02 7.334151908763428196e+01 2.061255203139112258e+00
6.635856911769157096e-02 7.323157355083289133e+01 2.063041949594285107e+00
6.687007651702900346e-02 7.312164200302358097e+01 2.064840727766676043e+00
6.738233900949676392e-02 7.301172597395327557e+01 2.066651519541994997e+00
6.789535048822627206e-02 7.290182698381804016e+01 2.068474306410399421e+00
6.840910489313276055e-02 7.279194654331149650e+01 2.070309069470560370e+00
6.892359621044065465e-02 7.268208615367012726e+01 2.072155789433761885e+00
6.943881847221972103e-02 7.257224730671718760e+01 2.074014446627991504e+00
6.995476575593190249e-02 7.246243148490752617e+01 2.075885021001989905e+00
7.047143218398825570e-02 7.235264016136520127e+01 2.077767492129396931e+00
7.098881192331576995e-02 7.224287479992517547e+01 2.079661839212810115e+00
7.150689918493383090e-02 7.213313685517253759e+01 2.081568041087853427e+00
7.202568822353998257e-02 7.202342777247602612e+01 2.083486076227326844e+00
7.254517333710445992e-02 7.191374898802676796e+01 2.085415922745237349e+00
7.306534886647353400e-02 7.180410192887120502e+01 2.087357558400916968e+00
7.358620919498133628e-02 7.169448801294441864e+01 2.089310960603096401e+00
7.410774874806963508e-02 7.158490864910132245e+01 2.091276106414017288e+00
7.462996199291559163e-02 7.147536523714883572e+01 2.093252972553481861e+00
7.515284343806710732e-02 7.136585916787585404e+01 2.095241535402939892e+00
7.567638763308558170e-02 7.125639182307985209e+01 2.097241771009602296e+00
7.620058916819573425e-02 7.114696457559777798e+01 2.099253655090464576e+00
7.672544267394248996e-02 7.103757878933132019e+01 2.101277163036408879e+00
7.725094282085433195e-02 7.092823581927237342e+01 2.103312269916285615e+00
7.777708431911335707e-02 7.081893701153070708e+01 2.105358950480928470e+00
7.830386191823149322e-02 7.070968370335664588e+01 2.107417179167250243e+00
7.883127040673276742e-02 7.060047722316473084e+01 2.109486930102299596e+00
7.935930461184154128e-02 7.049131889055854572e+01 2.111568177107268518e+00
7.988795939917640865e-02 7.038221001635206164e+01 2.113660893701559296e+00
8.041722967244946396e-02 7.027315190258947553e+01 2.115765053106851479e+00
8.094711037317123270e-02 7.016414584257138642e+01 2.117880628251036512e+00
8.147759648036037583e-02 7.005519312087039907e+01 2.120007591772327338e+00
8.200868301025872331e-02 6.994629501335229804e+01 2.122145916023258305e+00
8.254036501605087339e-02 6.983745278719895566e+01 2.124295573074613586e+00
8.307263758758876016e-02 6.972866770092208810e+01 2.126456534719531000e+00
8.360549585112050930e-02 6.961994100438711541e+01 2.128628772477386466e+00
8.413893496902387359e-02 6.951127393882772765e+01 2.130812257597834325e+00
8.467295013954374838e-02 6.940266773686501267e+01 2.133006961064757512e+00
8.520753659653396150e-02 6.929412362252477919e+01 2.135212853600218175e+00
8.574268960920299054e-02 6.918564281125448190e+01 2.137429905668411401e+00
8.627840448186348266e-02 6.907722650994180924e+01 2.139658087479556325e+00
8.681467655368563241e-02 6.896887591692673425e+01 2.141897368993915141e+00
8.735150119845401517e-02 6.886059222202237606e+01 2.144147719925606488e+00
8.788887382432812589e-02 6.875237660652982186e+01 2.146409109746524102e+00
8.842678987360612364e-02 6.864423024325071765e+01 2.148681507690293646e+00
8.896524482249194843e-02 6.853615429650768931e+01 2.150964882756036811e+00
8.950423418086561611e-02 6.842814992215572545e+01 2.153259203712313052e+00
9.004375349205656631e-02 6.832021826759927308e+01 2.155564439100934759e+00
9.058379833262002190e-02 6.821236047180677531e+01 2.157880557240790420e+00
9.112436431211620724e-02 6.810457766532493906e+01 2.160207526231689990e+00
9.166544707289235594e-02 6.799687097029563176e+01 2.162545313958110782e+00
9.220704228986748019e-02 6.788924150046800321e+01 2.164893888093043284e+00
9.274914567031961043e-02 6.778169036121333590e+01 2.167253216101753477e+00
9.329175295367586607e-02 6.767421864954195598e+01 2.169623265245486543e+00
9.383485991130460779e-02 6.756682745411416136e+01 2.172004002585280702e+00
9.437846234631028230e-02 6.745951785525807054e+01 2.174395394985614960e+00
9.492255609333039024e-02 6.735229092498086345e+01 2.176797409118183424e+00
9.546713701833477173e-02 6.724514772698687182e+01 2.179210011465495977e+00
9.601220101842705690e-02 6.713808931668732782e+01 2.181633168324660144e+00
9.655774402164812864e-02 6.703111674121869612e+01 2.184066845810934243e+00
9.710376198678176418e-02 6.692423103945516516e+01 2.186511009861415111e+00
9.765025090316198364e-02 6.681743324202345491e+01 2.188965626238636997e+00
9.819720679048268841e-02 6.671072437131813615e+01 2.191430660534149588e+00
9.874462569860881223e-02 6.660410544151476131e+01 2.193906078172135565e+00
9.929250370738938736e-02 6.649757745858514113e+01 2.196391844412945549e+00
9.984083692647235941e-02 6.639114142031237975e+01 2.198887924356634382e+00
1.003896214951211091e-01 6.628479831630552610e+01 2.201394282946476544e+00
1.009388535820325006e-01 6.617854912801470846e+01 2.203910884972464679e+00
1.014885293851566367e-01 6.607239482874481951e+01 2.206437695074816574e+00
1.020386451315180715e-01 6.596633638367313779e+01 2.208974677747370219e+00
1.025891970770384659e-01 6.586037474986112272e+01 2.211521797341105433e+00
1.031401815063608951e-01 6.575451087627421032e+01 2.214079018067446558e+00
1.036915947326753074e-01 6.564874570379400609e+01 2.216646304001746337e+00
1.042434330975454959e-01 6.554308016523344804e+01 2.219223619086656996e+00
1.047956929707373058e-01 6.543751518535553657e+01 2.221810927135416058e+00
1.053483707500481870e-01 6.533205168088736059e+01 2.224408191835223203e+00
1.059014628611381070e-01 6.522669056053852898e+01 2.227015376750479891e+00
1.064549657573612834e-01 6.512143272501320723e+01 2.229632445326185763e+00
1.070088759195995387e-01 6.501627906702944415e+01 2.232259360891124977e+00
1.075631898560966138e-01 6.491123047133710600e+01 2.234896086661071202e+00
1.081179041022934662e-01 6.480628781473238575e+01 2.237542585742060108e+00
1.086730152206648453e-01 6.470145196607523985e+01 2.240198821133569940e+00
1.092285198005569641e-01 6.459672378630718015e+01 2.242864755731671877e+00
1.097844144580258502e-01 6.449210412846990437e+01 2.245540352332148881e+00
1.103406958356771272e-01 6.438759383772028855e+01 2.248225573633678476e+00
1.108973606025064201e-01 6.428319375134879010e+01 2.250920382240912065e+00
1.114544054537409262e-01 6.417890469880150306e+01 2.253624740667451221e+00
1.120118271106819302e-01 6.407472750169335995e+01 2.256338611339018030e+00
1.125696223205478602e-01 6.397066297382760069e+01 2.259061956596452259e+00
1.131277878563187594e-01 6.386671192121666252e+01 2.261794738698662766e+00
1.136863205165811463e-01 6.376287514210126517e+01 2.264536919825584249e+00
1.142452171253740129e-01 6.365915342696598600e+01 2.267288462081230804e+00
1.148044745320355442e-01 6.355554755856214655e+01 2.270049327496518110e+00
1.153640896110504632e-01 6.345205831192616586e+01 2.272819478032205964e+00
1.159240592618985405e-01 6.334868645440051438e+01 2.275598875581732905e+00
1.164843804089034651e-01 6.324543274564988593e+01 2.278387481974175621e+00
1.170450500010826733e-01 6.314229793768689802e+01 2.281185258976925478e+00
1.176060650119979956e-01 6.303928277489065835e+01 2.283992168298539127e+00
1.181674224396067063e-01 6.293638799402496886e+01 2.286808171591584671e+00
1.187291193061136840e-01 6.283361432426241322e+01 2.289633230455299095e+00
1.192911526578238485e-01 6.273096248720616330e+01 2.292467306438300767e+00
1.198535195649955282e-01 6.262843319690649935e+01 2.295310361041420055e+00
1.204162171216945770e-01 6.252602715988896875e+01 2.298162355720190231e+00
1.209792424456487686e-01 6.242374507517309468e+01 2.301023251887583942e+00
1.215425926781032312e-01 6.232158763429394099e+01 2.303893010916651996e+00
1.221062649836763547e-01 6.221955552132421730e+01 2.306771594143122606e+00
1.226702565502161141e-01 6.211764941290182662e+01 2.309658962867832788e+00
1.232345645886574886e-01 6.201586997824590952e+01 2.312555078359467053e+00
1.237991863328799375e-01 6.191421787918405073e+01 2.315459901856951497e+00
1.243641190395658458e-01 6.181269377017614630e+01 2.318373394571938473e+00
1.249293599880594574e-01 6.171129829833463987e+01 2.321295517691357890e+00
1.254949064802262648e-01 6.161003210345229775e+01 2.324226232379752233e+00
1.260607558403132045e-01 6.150889581802203310e+01 2.327165499781803870e+00
1.266269054148091433e-01 6.140789006726677002e+01 2.330113281024565719e+00
1.271933525723061009e-01 6.130701546915846478e+01 2.333069537219981004e+00
1.277600947033610268e-01 6.120627263444502830e+01 2.336034229467151668e+00
1.283271292203580494e-01 6.110566216667702122e+01 2.339007318854606776e+00
1.288944535573712524e-01 6.100518466223005731e+01 2.341988766462656635e+00
1.294620651700281178e-01 6.090484071033193203e+01 2.344978533365612794e+00
1.300299615353732452e-01 6.080463089308762648e+01 2.347976580634027588e+00
1.305981401517329610e-01 6.070455578550446063e+01 2.350982869336932790e+00
1.311665985385801203e-01 6.060461595552153824e+01 2.353997360543914397e+00
1.317353342363995206e-01 6.050481196403057993e+01 2.357020015327431661e+00
1.323043448065540362e-01 6.040514436490744998e+01 2.360050794764799509e+00
1.328736278311508923e-01 6.030561370503674823e+01 2.363089659940353471e+00
1.334431809129088264e-01 6.020622052433755300e+01 2.366136571947568434e+00
1.340130016750254172e-01 6.010696535579147337e+01 2.369191491891084134e+00
1.345830877610451615e-01 6.000784872547366433e+01 2.372254380888616510e+00
1.351534368347280246e-01 5.990887115257363860e+01 2.375325200073175935e+00
1.357240465799182672e-01 5.981003314942719129e+01 2.378403910594910631e+00
1.362949147004141326e-01 5.971133522154396900e+01 2.381490473623068205e+00
1.368660389198377014e-01 5.961277786763612596e+01 2.384584850347918117e+00
1.374374169815053004e-01 5.951436157964376861e+01 2.387687001982733204e+00
1.380090466482988276e-01 5.941608684276543073e+01 2.390796889765613109e+00
1.385809257025367169e-01 5.931795413548986318e+01 2.393914474961239325e+00
1.391530519458463455e-01 5.921996392961808198e+01 2.397039718862921109e+00
1.397254231990361639e-01 5.912211669029669281e+01 2.400172582794259046e+00
1.402980373019687976e-01 5.902441287604764142e+01 2.403313028110916516e+00
1.408708921134344816e-01 5.892685293879736008e+01 2.406461016202380065e+00
1.414439855110248001e-01 5.882943732390292269e+01 2.409616508493797937e+00
1.420173153910073149e-01 5.873216647018527681e+01 2.412779466447581012e+00
1.425908796682003044e-01 5.863504080995893020e+01 2.415949851565090789e+00
1.431646762758481961e-01 5.853806076906066380e+01 2.419127625388340697e+00
1.437387031654974445e-01 5.844122676688032669e+01 2.422312749501617457e+00
1.443129583068727961e-01 5.834453921639068597e+01 2.425505185533108232e+00
1.448874396877542214e-01 5.824799852418048829e+01 2.428704895156406529e+00
1.454621453138543186e-01 5.815160509048057946e+01 2.431911840092230381e+00
1.460370732086958279e-01 5.805535930919698728e+01 2.435125982109884735e+00
1.466122214134903678e-01 5.795926156794602235e+01 2.438347283028648338e+00
1.471875879870168657e-01 5.786331224807830864e+01 2.441575704719502138e+00
1.477631710055010428e-01 5.776751172471182372e+01 2.444811209106541927e+00
1.483389685624951770e-01 5.767186036676866934e+01 2.448053758168251992e+00
1.489149787687582827e-01 5.757635853700054440e+01 2.451303313939126927e+00
1.494911997521370384e-01 5.748100659201990936e+01 2.454559838511104264e+00
1.500676296574468271e-01 5.738580488233925792e+01 2.457823294034680472e+00
1.506442666463536639e-01 5.729075375239274592e+01 2.461093642720626473e+00
1.512211088972564565e-01 5.719585354057765159e+01 2.464370846841003271e+00
1.517981546051695718e-01 5.710110457927871153e+01 2.467654868730738915e+00
1.523754019816062899e-01 5.700650719490356266e+01 2.470945670788819548e+00
1.529528492544623697e-01 5.691206170791844698e+01 2.474243215479436930e+00
1.535304946679003357e-01 5.681776843287501322e+01 2.477547465333441945e+00
1.541083364822344037e-01 5.672362767844470000e+01 2.480858382949505447e+00
1.546863729738153781e-01 5.662963974745084528e+01 2.484175930995344395e+00
1.552646024349166876e-01 5.653580493690687803e+01 2.487500072208720603e+00
1.558430231736204763e-01 5.644212353803865057e+01 2.490830769398973743e+00
1.564216335137043612e-01 5.634859583632579927e+01 2.494167985447865110e+00
1.570004317945287997e-01 5.625522211153139551e+01 2.497511683310828623e+00
1.575794163709246798e-01 5.616200263773652779e+01 2.500861826018013101e+00
1.581585856130817425e-01 5.606893768336998107e+01 2.504218376675490632e+00
1.587379379064372820e-01 5.597602751124508558e+01 2.507581298466197595e+00
1.593174716515653178e-01 5.588327237859268593e+01 2.510950554650979161e+00
1.598971852640667102e-01 5.579067253709127527e+01 2.514326108569736817e+00
1.604770771744591096e-01 5.569822823290193270e+01 2.517707923642372947e+00
1.610571458280679324e-01 5.560593970670252872e+01 2.521095963369757609e+00
1.616373896849177816e-01 5.551380719372374273e+01 2.524490191334590072e+00
1.622178072196240606e-01 5.542183092377547382e+01 2.527890571202614289e+00
1.627983969212855875e-01 5.533001112128579280e+01 2.531297066723352529e+00
1.633791572933772640e-01 5.523834800533396816e+01 2.534709641731037078e+00
1.639600868536435496e-01 5.514684178968130368e+01 2.538128260145601445e+00
1.645411841339924908e-01 5.505549268280874031e+01 2.541552885973414000e+00
1.651224476803898056e-01 5.496430088794738822e+01 2.544983483308253192e+00
1.657038760527543009e-01 5.487326660311510551e+01 2.548420016332030080e+00
1.662854678248529006e-01 5.478239002114645473e+01 2.551862449315766224e+00
1.668672215841968953e-01 5.469167132972888368e+01 2.555310746620290452e+00
1.674491359319384143e-01 5.460111071143794703e+01 2.558764872696984938e+00
1.680312094827673131e-01 5.451070834376714913e+01 2.562224792088688918e+00
1.686134408648090055e-01 5.442046439916384060e+01 2.565690469430382148e+00
1.691958287195221844e-01 5.433037904506809213e+01 2.569161869449722246e+00
1.697783717015976801e-01 5.424045244393546739e+01 2.572638956968183344e+00
1.703610684788575691e-01 5.415068475327955611e+01 2.576121696901422453e+00
1.709439177321547265e-01 5.406107612570500009e+01 2.579610054260002450e+00
1.715269181552729338e-01 5.397162670893568048e+01 2.583103994150268257e+00
1.721100684548279303e-01 5.388233664585721527e+01 2.586603481774665259e+00
1.726933673501681588e-01 5.379320607454245362e+01 2.590108482432703862e+00
1.732768135732768999e-01 5.370423512829253809e+01 2.593618961521288124e+00
1.738604058686744058e-01 5.361542393566271869e+01 2.597134884535636346e+00
1.744441429933206167e-01 5.352677262050501383e+01 2.600656217069523102e+00
1.750280237165187935e-01 5.343828130199467807e+01 2.604182924816135447e+00
1.756120468198189566e-01 5.334995009466783245e+01 2.607714973568479699e+00
1.761962110969227113e-01 5.326177910845479602e+01 2.611252329219936996e+00
1.767805153535878526e-01 5.317376844871230190e+01 2.614794957764851713e+00
1.773649584075339403e-01 5.308591821626124840e+01 2.618342825298880516e+00
1.779495390883483463e-01 5.299822850741185931e+01 2.621895898019832138e+00
1.785342562373925523e-01 5.291069941400700571e+01 2.625454142227755305e+00
1.791191087077094457e-01 5.282333102344886555e+01 2.629017524325696797e+00
1.797040953639306438e-01 5.273612341873883480e+01 2.632586010819885747e+00
1.802892150821847062e-01 5.264907667850372519e+01 2.636159568320480151e+00
1.808744667500057912e-01 5.256219087703254189e+01 2.639738163541855531e+00
1.814598492662426732e-01 5.247546608431449044e+01 2.643321763302829641e+00
1.820453615409684534e-01 5.238890236606135886e+01 2.646910334527516895e+00
1.826310024953909372e-01 5.230249978375444897e+01 2.650503844245148510e+00
1.832167710617630396e-01 5.221625839466587848e+01 2.654102259590943369e+00
1.838026661832943554e-01 5.213017825189733401e+01 2.657705547806235469e+00
1.843886868140626745e-01 5.204425940441507237e+01 2.661313676238750592e+00
1.849748319189264412e-01 5.195850189708193767e+01 2.664926612342975343e+00
1.855611004734376568e-01 5.187290577068071684e+01 2.668544323680890340e+00
1.861474914637549494e-01 5.178747106196278338e+01 2.672166777921626046e+00
1.867340038865578089e-01 5.170219780367185791e+01 2.675793942842132456e+00
1.873206367489606283e-01 5.161708602457743922e+01 2.679425786327446879e+00
1.879073890684279380e-01 5.153213574950956399e+01 2.683062276370882238e+00
1.884942598726897511e-01 5.144734699938912570e+01 2.686703381074387220e+00
1.890812481996573535e-01 5.136271979126458120e+01 2.690349068648618225e+00
1.896683530973401199e-01 5.127825413833712531e+01 2.693999307413495803e+00
1.902555736237622475e-01 5.119395004999931587e+01 2.697654065798170464e+00
1.908429088468803214e-01 5.110980753186909453e+01 2.701313312341157680e+00
1.914303578445016585e-01 5.102582658581631847e+01 2.704977015690793962e+00
1.920179197042023722e-01 5.094200720999477028e+01 2.708645144605445143e+00
1.926055935232469374e-01 5.085834939887943307e+01 2.712317667953457523e+00
1.931933784085073935e-01 5.077485314329731381e+01 2.715994554713385689e+00
1.937812734763837419e-01 5.069151843045282391e+01 2.719675773974437050e+00
1.943692778527244536e-01 5.060834524396781120e+01 2.723361294936271548e+00
1.949573906727475325e-01 5.052533356390874530e+01 2.727051086909338284e+00
1.955456110809622450e-01 5.044248336682410638e+01 2.730745119314748059e+00
1.961339382310913759e-01 5.035979462576511878e+01 2.734443361684884444e+00
1.967223712859936802e-01 5.027726731032257845e+01 2.738145783663270549e+00
1.973109094175872213e-01 5.019490138666625967e+01 2.741852355004311459e+00
1.978995518067729609e-01 5.011269681756267858e+01 2.745563045573988781e+00
1.984882976433589574e-01 5.003065356241394568e+01 2.749277825349605298e+00
1.990771461259851771e-01 4.994877157728639361e+01 2.752996664419951944e+00
1.996660964620483869e-01 4.986705081494392999e+01 2.756719532985280718e+00
2.002551478676282970e-01 4.978549122487513046e+01 2.760446401357514290e+00
2.008442995674133147e-01 4.970409275332730203e+01 2.764177239960149635e+00
2.014335507946274084e-01 4.962285534333199877e+01 2.767912019328522266e+00
2.020229007909574159e-01 4.954177893474270178e+01 2.771650710109511806e+00
2.026123488064805467e-01 4.946086346426060487e+01 2.775393283061768468e+00
2.032018940995926615e-01 4.938010886546449996e+01 2.779139709055744145e+00
2.037915359369368573e-01 4.929951506884018642e+01 2.782889959073731490e+00
2.043812735933326907e-01 4.921908200181491111e+01 2.786644004209658299e+00
2.049711063517059007e-01 4.913880958878271343e+01 2.790401815669278029e+00
2.055610335030182978e-01 4.905869775113726661e+01 2.794163364770018365e+00
2.061510543461986533e-01 4.897874640729617823e+01 2.797928622941199706e+00
2.067411681880736707e-01 4.889895547273774667e+01 2.801697561723662133e+00
2.073313743432995682e-01 4.881932486002916960e+01 2.805470152769776959e+00
2.079216721342943275e-01 4.873985447884507494e+01 2.809246367843909020e+00
2.085120608911698870e-01 4.866054423600805023e+01 2.813026178821821599e+00
2.091025399516654448e-01 4.858139403551935231e+01 2.816809557690528987e+00
2.096931086610810124e-01 4.850240377857930696e+01 2.820596476548633103e+00
2.102837663722111339e-01 4.842357336361425979e+01 2.824386907606333263e+00
2.108745124452795772e-01 4.834490268631785881e+01 2.828180823184733850e+00
2.114653462478740253e-01 4.826639163966803636e+01 2.831978195716307489e+00
2.120562671548816835e-01 4.818804011395942410e+01 2.835778997744605068e+00
2.126472745484250526e-01 4.810984799683154023e+01 2.839583201924154032e+00
2.132383678177981190e-01 4.803181517329594641e+01 2.843390781020390001e+00
2.138295463594033496e-01 4.795394152576282210e+01 2.847201707909611912e+00
2.144208095766887423e-01 4.787622693407328711e+01 2.851015955578642735e+00
2.150121568800856808e-01 4.779867127552616068e+01 2.854833497124739328e+00
2.156035876869470402e-01 4.772127442489529159e+01 2.858654305755966796e+00
2.161951014214856526e-01 4.764403625447080515e+01 2.862478354790377377e+00
2.167866975147136055e-01 4.756695663408021346e+01 2.866305617656167204e+00
2.173783754043816518e-01 4.749003543111511760e+01 2.870136067891543963e+00
2.179701345349191188e-01 4.741327251055699321e+01 2.873969679144638523e+00
2.185619743573744000e-01 4.733666773500583957e+01 2.877806425173248250e+00
2.191538943293557806e-01 4.726022096471057665e+01 2.881646279844483072e+00
2.197458939149726787e-01 4.718393205758551545e+01 2.885489217135106088e+00
2.203379725847775805e-01 4.710780086924488330e+01 2.889335211130947378e+00
2.209301298157078930e-01 4.703182725302746547e+01 2.893184236026800082e+00
2.215223650910289332e-01 4.695601106002459346e+01 2.897036266126144621e+00
2.221146779002766969e-01 4.688035213909715537e+01 2.900891275841411598e+00
2.227070677392013198e-01 4.680485033690947461e+01 2.904749239693375173e+00
2.232995341097113173e-01 4.672950549795558572e+01 2.908610132310925689e+00
2.238920765198175178e-01 4.665431746458066442e+01 2.912473928431073222e+00
2.244846944835781344e-01 4.657928607700662837e+01 2.916340602898727763e+00
2.250773875210436981e-01 4.650441117335847707e+01 2.920210130666430537e+00
2.256701551582029064e-01 4.642969258969220192e+01 2.924082486793993407e+00
2.262629969269285002e-01 4.635513016001058872e+01 2.927957646448745344e+00
2.268559123649237230e-01 4.628072371629849613e+01 2.931835584904769032e+00
2.274489010156692526e-01 4.620647308854312030e+01 2.935716277542899100e+00
2.280419624283704372e-01 4.613237810475666123e+01 2.939599699850580894e+00
2.286350961579048657e-01 4.605843859100006199e+01 2.943485827421667977e+00
2.292283017647707144e-01 4.598465437141312862e+01 2.947374635955872346e+00
2.298215788150348993e-01 4.591102526823120655e+01 2.951266101258910979e+00
2.304149268802824224e-01 4.583755110181494530e+01 2.955160199241940511e+00
2.310083455375652184e-01 4.576423169066970331e+01 2.959056905921546132e+00
2.316018343693521109e-01 4.569106685146916647e+01 2.962956197419478688e+00
2.321953929634789082e-01 4.561805639908455845e+01 2.966858049962096455e+00
2.327890209130988042e-01 4.554520014659866689e+01 2.970762439880596961e+00
2.333827178166333061e-01 4.547249790533859226e+01 2.974669343610239824e+00
2.339764832777236070e-01 4.539994948488957505e+01 2.978578737690571021e+00
2.345703169051820136e-01 4.532755469312319718e+01 2.982490598764869105e+00
2.351642183129443175e-01 4.525531333621969310e+01 2.986404903579891634e+00
2.357581871200219448e-01 4.518322521868964259e+01 2.990321628985643798e+00
2.363522229504548267e-01 4.511129014339474708e+01 2.994240751935187905e+00
2.369463254332648539e-01 4.503950791157301126e+01 2.998162249484213060e+00
2.375404942024090527e-01 4.496787832286037201e+01 3.002086098790762048e+00
2.381347288967338716e-01 4.489640117530708352e+01 3.006012277115259312e+00
2.387290291599293013e-01 4.482507626540562029e+01 3.009940761819886124e+00
2.393233946404835499e-01 4.475390338811200053e+01 3.013871530368308349e+00
2.399178249916383565e-01 4.468288233686769217e+01 3.017804560325356267e+00
2.405123198713439991e-01 4.461201290361183425e+01 3.021739829357239504e+00
2.411068789422155245e-01 4.454129487881375837e+01 3.025677315230618447e+00
2.417015018714885610e-01 4.447072805149012709e+01 3.029616995812518088e+00
2.422961883309759368e-01 4.440031220922274002e+01 3.033558849070210783e+00
2.428909379970246585e-01 4.433004713818377240e+01 3.037502853070646047e+00
2.434857505504728903e-01 4.425993262315132881e+01 3.041448985980439446e+00
2.440806256766077931e-01 4.418996844753797149e+01 3.045397226065103879e+00
2.446755630651232805e-01 4.412015439339887735e+01 3.049347551689425284e+00
2.452705624100781912e-01 4.405049024146320846e+01 3.053299941316525157e+00
2.458656234098550719e-01 4.398097577114913292e+01 3.057254373507817480e+00
2.464607457671192658e-01 4.391161076058032364e+01 3.061210826922895034e+00
2.470559291887778064e-01 4.384239498661487744e+01 3.065169280318682521e+00
2.476511733859393383e-01 4.377332822485677610e+01 3.069129712549583555e+00
2.482464780738740384e-01 4.370441024967438892e+01 3.073092102567214212e+00
2.488418429719738700e-01 4.363564083422730278e+01 3.077056429419646300e+00
2.494372678037133917e-01 4.356701975048057562e+01 3.081022672251367389e+00
2.500327522966104277e-01 4.349854676922164742e+01 3.084990810303075204e+00
2.506282961821876265e-01 4.343022166008513807e+01 3.088960822911003934e+00
2.512238991959339085e-01 4.336204419156443635e+01 3.092932689507017940e+00
2.518195610772665516e-01 4.329401413103358465e+01 3.096906389618082844e+00
2.524152815694932217e-01 4.322613124477316404e+01 3.100881902865503470e+00
2.530110604197751134e-01 4.315839529796885898e+01 3.104859208965741857e+00
2.536068973790889802e-01 4.309080605474825632e+01 3.108838287728997063e+00
2.542027922021911079e-01 4.302336327819666906e+01 3.112819119058993333e+00
2.547987446475805662e-01 4.295606673036306233e+01 3.116801682953349140e+00
2.553947544774627931e-01 4.288891617228530606e+01 3.120785959502801354e+00
2.559908214577143459e-01 4.282191136401394260e+01 3.124771928890497819e+00
2.565869453578467074e-01 4.275505206461668450e+01 3.128759571392421890e+00
2.571831259509714807e-01 4.268833803220387324e+01 3.132748867376581980e+00
2.577793630137651393e-01 4.262176902394366351e+01 3.136739797302776633e+00
2.583756563264346107e-01 4.255534479607959497e+01 3.140732341722229481e+00
2.589720056726829700e-01 4.248906510394704839e+01 3.144726481277269503e+00
2.595684108396751344e-01 4.242292970198798940e+01 3.148722196701109421e+00
2.601648716180041676e-01 4.235693834376527178e+01 3.152719468817643200e+00
2.607613878016580289e-01 4.229109078199049065e+01 3.156718278540422418e+00
2.613579591879860442e-01 4.222538676853204009e+01 3.160718606872796155e+00
2.619545855776665433e-01 4.215982605442350462e+01 3.164720434908056212e+00
2.625512667746736084e-01 4.209440838989329592e+01 3.168723743828258055e+00
2.631480025862451555e-01 4.202913352437751371e+01 3.172728514904069375e+00
2.637447928228508487e-01 4.196400120652833721e+01 3.176734729494870901e+00
2.643416372981601259e-01 4.189901118423549065e+01 3.180742369048053408e+00
2.649385358290111125e-01 4.183416320464169758e+01 3.184751415098684646e+00
2.655354882353789803e-01 4.176945701415436218e+01 3.188761849269377890e+00
2.661324943403450827e-01 4.170489235846733322e+01 3.192773653269557421e+00
2.667295539700665907e-01 4.164046898256800233e+01 3.196786808895593524e+00
2.673266669537456286e-01 4.157618663075657395e+01 3.200801298030203412e+00
2.679238331235996862e-01 4.151204504666309703e+01 3.204817102641956073e+00
2.685210523148311434e-01 4.144804397325420808e+01 3.208834204785438349e+00
2.691183243655981272e-01 4.138418315285709070e+01 3.212852586600300597e+00
2.697156491169848680e-01 4.132046232716743361e+01 3.216872230311340619e+00
2.703130264129726679e-01 4.125688123726593659e+01 3.220893118228000063e+00
2.709104561004113676e-01 4.119343962363247869e+01 3.224915232744031801e+00
2.715079380289903144e-01 4.113013722616023671e+01 3.228938556337145105e+00
2.721054720512102176e-01 4.106697378416610178e+01 3.232963071568881741e+00
2.727030580223551715e-01 4.100394903641015532e+01 3.236988761083913868e+00
2.733006958004645659e-01 4.094106272110728639e+01 3.241015607609823768e+00
2.738983852463058311e-01 4.087831457593863860e+01 3.245043593956897787e+00
2.744961262233469590e-01 4.081570433806725617e+01 3.249072703017634733e+00
2.750939185977291923e-01 4.075323174414717187e+01 3.253102917766674373e+00
2.756917622382404343e-01 4.069089653034301080e+01 3.257134221260034934e+00
2.762896570162887144e-01 4.062869843234162204e+01 3.261166596634866188e+00
2.768876028058753214e-01 4.056663718535615004e+01 3.265200027109673275e+00
2.774855994835693229e-01 4.050471252415132284e+01 3.269234495983164734e+00
2.780836469284811985e-01 4.044292418305138881e+01 3.273269986634217865e+00
2.786817450222371373e-01 4.038127189594454336e+01 3.277306482522067910e+00
2.792798936489538919e-01 4.031975539631055483e+01 3.281343967184969124e+00
2.798780926952133541e-01 4.025837441722357823e+01 3.285382424240478105e+00
2.804763420500376858e-01 4.019712869135832989e+01 3.289421837385509750e+00
2.810746416048643948e-01 4.013601795101868674e+01 3.293462190394905065e+00
2.816729912535217983e-01 4.007504192813744481e+01 3.297503467121900123e+00
2.822713908922048209e-01 4.001420035428766653e+01 3.301545651497812539e+00
2.828698404194508464e-01 3.995349296070534706e+01 3.305588727530985427e+00
2.834683397361159596e-01 3.989291947828295548e+01 3.309632679307644043e+00
2.840668887453508540e-01 3.983247963760126709e+01 3.313677490990205143e+00
2.846654873525778506e-01 3.977217316892674859e+01 3.317723146817872948e+00
2.852641354654671946e-01 3.971199980222705506e+01 3.321769631106019638e+00
2.858628329939145729e-01 3.965195926718096331e+01 3.325816928245930004e+00
2.864615798500179111e-01 3.959205129319491334e+01 3.329865022704100230e+00
2.870603759480546691e-01 3.953227560940544549e+01 3.333913899022466154e+00
2.876592212044598029e-01 3.947263194469487502e+01 3.337963541817755786e+00
2.882581155378030613e-01 3.941312002770144574e+01 3.342013935781178890e+00
2.888570588687674467e-01 3.935373958682888684e+01 3.346065065678171635e+00
2.894560511201272335e-01 3.929449035026286907e+01 3.350116916347661622e+00
2.900550922167262624e-01 3.923537204596789962e+01 3.354169472702645205e+00
2.906541820854565694e-01 3.917638440170888714e+01 3.358222719729102135e+00
2.912533206552372911e-01 3.911752714506343409e+01 3.362276642485504397e+00
2.918525078569933484e-01 3.905880000342298075e+01 3.366331226103107088e+00
2.924517436236351298e-01 3.900020270400296596e+01 3.370386455785603808e+00
2.930510278900373411e-01 3.894173497386199756e+01 3.374442316808162534e+00
2.936503605930187999e-01 3.888339653990204425e+01 3.378498794517745374e+00
2.942497416713220626e-01 3.882518712888285961e+01 3.382555874332471735e+00
2.948491710655934961e-01 3.876710646743616451e+01 3.386613541740949973e+00
2.954486487183632937e-01 3.870915428205744035e+01 3.390671782303199766e+00
2.960481745740257686e-01 3.865133029913717877e+01 3.394730581648786938e+00
2.966477485788198143e-01 3.859363424495949602e+01 3.398789925477252893e+00
2.972473706808095861e-01 3.853606584570579230e+01 3.402849799558171462e+00
2.978470408298652394e-01 3.847862482747545698e+01 3.406910189730012029e+00
2.984467589776442220e-01 3.842131091629056527e+01 3.410971081900117774e+00
2.990465250775720674e-01 3.836412383809929594e+01 3.415032462044765182e+00
2.996463390848239650e-01 3.830706331878935345e+01 3.419094316208526330e+00
3.002462009563063861e-01 3.825012908419871138e+01 3.423156630503793707e+00
3.008461106506384874e-01 3.819332086012065730e+01 3.427219391110714941e+00
3.014460681281342369e-01 3.813663837231437270e+01 3.431282584276732273e+00
3.020460733507844275e-01 3.808008134650795284e+01 3.435346196316643397e+00
3.026461262822388032e-01 3.802364950841500502e+01 3.439410213611699962e+00
3.032462268877883504e-01 3.796734258373998472e+01 3.443474622609487223e+00
3.038463751343479791e-01 3.791116029818093125e+01 3.447539409824011969e+00
3.044465709904392026e-01 3.785510237744212958e+01 3.451604561835046159e+00
3.050468144261730408e-01 3.779916854724712749e+01 3.455670065287451020e+00
3.056471054132328669e-01 3.774335853333512603e+01 3.459735906891693968e+00
3.062474439248576985e-01 3.768767206147519744e+01 3.463802073423074557e+00
3.068478299358254335e-01 3.763210885747534462e+01 3.467868551721315029e+00
3.074482634224364741e-01 3.757666864718483879e+01 3.471935328690627376e+00
3.080487443624974619e-01 3.752135115651169173e+01 3.476002391298683047e+00
3.086492727353047916e-01 3.746615611141813673e+01 3.480069726577183609e+00
3.092498485216286230e-01 3.741108323792826695e+01 3.484137321621523231e+00
3.098504717036971168e-01 3.735613226214996985e+01 3.488205163589412461e+00
3.104511422651806685e-01 3.730130291026843992e+01 3.492273239701583432e+00
3.110518601911761993e-01 3.724659490855352573e+01 3.496341537241450581e+00
3.116526254681917796e-01 3.719200798337358549e+01 3.500410043554324613e+00
3.122534380841311963e-01 3.713754186119779632e+01 3.504478746047435589e+00
3.128542980282790209e-01 3.708319626860330231e+01 3.508547632189617627e+00
3.134552052912851217e-01 3.702897093228569503e+01 3.512616689510733359e+00
3.140561598651505637e-01 3.697486557906004379e+01 3.516685905601793394e+00
3.146571617432120105e-01 3.692087993586716266e+01 3.520755268114687642e+00
3.152582109201275684e-01 3.686701372978917846e+01 3.524824764761211426e+00
3.158593073918623539e-01 3.681326668804795332e+01 3.528894383313365246e+00
3.164604511556739497e-01 3.675963853800764980e+01 3.532964111603360546e+00
3.170616422100984155e-01 3.670612900719584815e+01 3.537033937522195526e+00
3.176628805549360224e-01 3.665273782329187924e+01 3.541103849020722283e+00
3.182641661912374298e-01 3.659946471414721003e+01 3.545173834108268363e+00
3.188654991212899192e-01 3.654630940778304904e+01 3.549243880853000022e+00
3.194668793486036829e-01 3.649327163239593830e+01 3.553313977381653554e+00
3.200683068778982787e-01 3.644035111637612090e+01 3.557384111878303390e+00
3.206697817150893637e-01 3.638754758829448832e+01 3.561454272585513614e+00
3.212713038672750376e-01 3.633486077691848948e+01 3.565524447803282815e+00
3.218728733427230759e-01 3.628229041122261833e+01 3.569594625888384609e+00
3.224744901508577732e-01 3.622983622038506013e+01 3.573664795254774429e+00
3.230761543022470650e-01 3.617749793379469025e+01 3.577734944373204051e+00
3.236778658085895377e-01 3.612527528106137709e+01 3.581805061770553245e+00
3.242796246827020501e-01 3.607316799201534252e+01 3.585875136030034493e+00
3.248814309385070209e-01 3.602117579671617875e+01 3.589945155790610354e+00
3.254832845910200501e-01 3.596929842546119716e+01 3.594015109746494741e+00
3.260851856563377060e-01 3.591753560878126450e+01 3.598084986647583250e+00
3.266871341516252580e-01 3.586588707745354299e+01 3.602154775298608502e+00
3.272891300951044080e-01 3.581435256250453136e+01 3.606224464559002030e+00
3.278911735060417443e-01 3.576293179521089627e+01 3.610294043342960446e+00
3.284932644047365846e-01 3.571162450711577208e+01 3.614363500618276603e+00
3.290954028125092634e-01 3.566043043002053281e+01 3.618432825407091435e+00
3.296975887516899739e-01 3.560934929599485343e+01 3.622502006785221162e+00
3.302998222456063893e-01 3.555838083738395028e+01 3.626571033881684780e+00
3.309021033185731708e-01 3.550752478681069135e+01 3.630639895878631673e+00
3.315044319958800889e-01 3.545678087717722349e+01 3.634708582011322520e+00
3.321068083037810870e-01 3.540614884167798948e+01 3.638777081567183824e+00
3.327092322694832349e-01 3.535562841379295662e+01 3.642845383886438082e+00
3.333117039211356269e-01 3.530521932730052725e+01 3.646913478361168082e+00
3.339142232878187233e-01 3.525492131627998305e+01 3.650981354435205883e+00
3.345167903995332481e-01 3.520473411511329687e+01 3.655049001604065317e+00
3.351194052871899753e-01 3.515465745849130030e+01 3.659116409414532090e+00
3.357220679825989595e-01 3.510469108141920458e+01 3.663183567464296519e+00
3.363247785184590999e-01 3.505483471921501604e+01 3.667250465402151161e+00
3.369275369283477040e-01 3.500508810752038613e+01 3.671317092927194103e+00
3.375303432467104403e-01 3.495545098230268621e+01 3.675383439788718842e+00
3.381331975088509578e-01 3.490592307985228615e+01 3.679449495786507818e+00
3.387360997509212823e-01 3.485650413680060922e+01 3.683515250769423321e+00
3.393390500099112694e-01 3.480719389010924658e+01 3.687580694636348522e+00
3.399420483236391677e-01 3.475799207707677141e+01 3.691645817335708291e+00
3.405450947307416820e-01 3.470889843535591979e+01 3.695710608864092084e+00
3.411481892706643149e-01 3.465991270293476845e+01 3.699775059267862432e+00
3.417513319836520402e-01 3.461103461816073690e+01 3.703839158641235585e+00
3.423545229107394783e-01 3.456226391973694945e+01 3.707902897126608366e+00
3.429577620937416804e-01 3.451360034671296972e+01 3.711966264915386837e+00
3.435610495752447480e-01 3.446504363850634434e+01 3.716029252246239700e+00
3.441643853985966728e-01 3.441659353490569373e+01 3.720091849404866924e+00
3.447677696078985110e-01 3.436824977605919429e+01 3.724154046725006495e+00
3.453712022479947796e-01 3.432001210248501621e+01 3.728215834587593314e+00
3.459746833644649633e-01 3.427188025508098690e+01 3.732277203419983813e+00
3.465782130036144104e-01 3.422385397512341143e+01 3.736338143696076752e+00
3.471817912124657846e-01 3.417593300426530334e+01 3.740398645936493072e+00
3.477854180387502936e-01 3.412811708453676829e+01 3.744458700708572785e+00
3.483890935308989190e-01 3.408040595837085363e+01 3.748518298624201162e+00
3.489928177380342000e-01 3.403279936857909860e+01 3.752577430341898612e+00
3.495965907099615744e-01 3.398529705836408255e+01 3.756636086565784183e+00
3.502004124971611065e-01 3.393789877133320942e+01 3.760694258044398275e+00
3.508042831507794390e-01 3.389060425148558409e+01 3.764751935571852837e+00
3.514082027226211880e-01 3.384341324321614763e+01 3.768809109987468098e+00
3.520121712651411161e-01 3.379632549133340547e+01 3.772865772174278209e+00
3.526161888314359172e-01 3.374934074104720594e+01 3.776921913060071301e+00
3.532202554752365553e-01 3.370245873797977509e+01 3.780977523616447122e+00
3.538243712509002159e-01 3.365567922816106261e+01 3.785032594859219390e+00
3.544285362134025341e-01 3.360900195803218793e+01 3.789087117848114694e+00
3.550327504183297678e-01 3.356242667446115036e+01 3.793141083685405146e+00
3.556370139218713033e-01 3.351595312472865373e+01 3.797194483517131847e+00
3.562413267808121620e-01 3.346958105653040860e+01 3.801247308532897051e+00
3.568456890525252279e-01 3.342331021799912349e+01 3.805299549963935046e+00
3.574501007949641429e-01 3.337714035768780008e+01 3.809351199084558992e+00
3.580545620666558126e-01 3.333107122457189320e+01 3.813402247211947316e+00
3.586590729266929678e-01 3.328510256806420387e+01 3.817452685704835424e+00
3.592636334347273364e-01 3.323923413800802251e+01 3.821502505964083252e+00
3.598682436509620941e-01 3.319346568468598946e+01 3.825551699431878117e+00
3.604729036361452588e-01 3.314779695881270527e+01 3.829600257592360446e+00
3.610776134515623070e-01 3.310222771153962640e+01 3.833648171971168583e+00
3.616823731590294577e-01 3.305675769446815337e+01 3.837695434134244188e+00
3.622871828208867884e-01 3.301138665963919294e+01 3.841742035688731072e+00
3.628920424999913519e-01 3.296611435952978297e+01 3.845787968283241209e+00
3.634969522597105707e-01 3.292094054707652617e+01 3.849833223605734212e+00
3.641019121639156864e-01 3.287586497566425692e+01 3.853877793384490769e+00
3.647069222769747654e-01 3.283088739911718079e+01 3.857921669388859165e+00
3.653119826637466483e-01 3.278600757172120694e+01 3.861964843427224903e+00
3.659170933895741773e-01 3.274122524821639502e+01 3.866007307347637756e+00
3.665222545202780347e-01 3.269654018379899441e+01 3.870049053037580844e+00
3.671274661221502478e-01 3.265195213411639941e+01 3.874090072424392517e+00
3.677327282619478610e-01 3.260746085528191429e+01 3.878130357473859036e+00
3.683380410068869959e-01 3.256306610387193246e+01 3.882169900190449052e+00
3.689434044246364119e-01 3.251876763692032313e+01 3.886208692617738603e+00
3.695488185833117889e-01 3.247456521192361123e+01 3.890246726837914615e+00
3.701542835514692320e-01 3.243045858684613592e+01 3.894283994971230900e+00
3.707597993980996653e-01 3.238644752012697836e+01 3.898320489175323367e+00
3.713653661926228366e-01 3.234253177066531038e+01 3.902356201646485001e+00
3.719709840048813221e-01 3.229871109782600769e+01 3.906391124619098765e+00
3.725766529051350862e-01 3.225498526145895539e+01 3.910425250363798622e+00
3.731823729640554310e-01 3.221135402187798036e+01 3.914458571189331160e+00
3.737881442527194453e-01 3.216781713986991775e+01 3.918491079441669189e+00
3.743939668426043976e-01 3.212437437670180174e+01 3.922522767503271446e+00
3.749998408055819632e-01 3.208102549411456295e+01 3.926553627793591073e+00
3.756057662139133946e-01 3.203777025433055314e+01 3.930583652768315783e+00
3.762117431402431378e-01 3.199460842004593175e+01 3.934612834919988256e+00
3.768177716575940028e-01 3.195153975443669836e+01 3.938641166777381741e+00
3.774238518393618902e-01 3.190856402116979496e+01 3.942668640904385402e+00
3.780299837593101286e-01 3.186568098438619856e+01 3.946695249901492453e+00
3.786361674915646458e-01 3.182289040870652741e+01 3.950720986405210855e+00
3.792424031106084170e-01 3.178019205924826096e+01 3.954745843086360235e+00
3.798486906912765249e-01 3.173758570160753578e+01 3.958769812651698583e+00
3.804550303087511631e-01 3.169507110186464516e+01 3.962792887843316514e+00
3.810614220385564743e-01 3.165264802659109478e+01 3.966815061437888978e+00
3.816678659565534426e-01 3.161031624284955655e+01 3.970836326246592218e+00
3.822743621389354529e-01 3.156807551818740976e+01 3.974856675115622018e+00
3.828809106622228509e-01 3.152592562064116777e+01 3.978876100925683001e+00
3.834875116032583908e-01 3.148386631874162944e+01 3.982894596591407321e+00
3.840941650392024620e-01 3.144189738151453639e+01 3.986912155061207219e+00
3.847008710475282589e-01 3.140001857847417099e+01 3.990928769317762637e+00
3.853076297060173405e-01 3.135822967962317875e+01 3.994944432377976806e+00
3.859144410927545232e-01 3.131653045547255942e+01 3.998959137290938326e+00
3.865213052861238840e-01 3.127492067702023348e+01 4.002972877139882257e+00
3.871282223648036536e-01 3.123340011574990882e+01 4.006985645042203892e+00
3.877351924077620526e-01 3.119196854366147065e+01 4.010997434146428731e+00
3.883422154942530180e-01 3.115062573324080120e+01 4.015008237635012023e+00
3.889492917038110953e-01 3.110937145746470733e+01 4.019018048723768111e+00
3.895564211162477752e-01 3.106820548982582864e+01 4.023026860659341786e+00
3.901636038116469418e-01 3.102712760429996308e+01 4.027034666722277834e+00
3.907708398703604313e-01 3.098613757537087565e+01 4.031041460224495943e+00
3.913781293730042021e-01 3.094523517801944124e+01 4.035047234510232173e+00
3.919854724004536717e-01 3.090442018772403543e+01 4.039051982955908393e+00
3.925928690338398308e-01 3.086369238047036134e+01 4.043055698969030054e+00
3.932003193545451358e-01 3.082305153274322862e+01 4.047058375988902057e+00
3.938078234441993453e-01 3.078249742152000223e+01 4.051060007487142123e+00
3.944153813846756340e-01 3.074202982429578057e+01 4.055060586965092639e+00
3.950229932580866521e-01 3.070164851905964909e+01 4.059060107956041108e+00
3.956306591467801947e-01 3.066135328430356921e+01 4.063058564024220054e+00
3.962383791333358718e-01 3.062114389902092526e+01 4.067055948764838114e+00
3.968461533005606112e-01 3.058102014271431912e+01 4.071052255803182085e+00
3.974539817314856616e-01 3.054098179538905100e+01 4.075047478795137401e+00
3.980618645093619845e-01 3.050102863754987581e+01 4.079041611427388858e+00
3.986698017176569242e-01 3.046116045020799490e+01 4.083034647416603491e+00
3.992777934400504325e-01 3.042137701488699619e+01 4.087026580508710261e+00
3.998858397604315162e-01 3.038167811360537840e+01 4.091017404480509434e+00
4.004939407628945736e-01 3.034206352888513081e+01 4.095007113138700916e+00
4.011020965317353970e-01 3.030253304376670442e+01 4.098995700318242896e+00
4.017103071514482870e-01 3.026308644178914165e+01 4.102983159884214359e+00
4.023185727067221107e-01 3.022372350698687882e+01 4.106969485732018477e+00
4.029268932824367488e-01 3.018444402391377324e+01 4.110954671784823766e+00
4.035352689636600432e-01 3.014524777762900953e+01 4.114938711994837739e+00
4.041436998356440768e-01 3.010613455369217561e+01 4.118921600343689704e+00
4.047521859838217329e-01 3.006710413816743710e+01 4.122903330841866776e+00
4.053607274938036964e-01 3.002815631762916482e+01 4.126883897527998890e+00
4.059693244513747357e-01 2.998929087916028990e+01 4.130863294468899660e+00
4.065779769424907597e-01 2.995050761034723763e+01 4.134841515759930530e+00
4.071866850532755988e-01 2.991180629927593415e+01 4.138818555525280551e+00
4.077954488700173408e-01 2.987318673454787898e+01 4.142794407916179367e+00
4.084042684791656108e-01 2.983464870527025070e+01 4.146769067111764961e+00
4.090131439673284075e-01 2.979619200105258159e+01 4.150742527319285280e+00
4.096220754212686055e-01 2.975781641200906336e+01 4.154714782773718085e+00
4.102310629279015131e-01 2.971952172876398279e+01 4.158685827737068408e+00
4.108401065742911529e-01 2.968130774244674086e+01 4.162655656498733592e+00
4.114492064476477085e-01 2.964317424469001949e+01 4.166624263375548587e+00
4.120583626353243600e-01 2.960512102763365050e+01 4.170591642711243274e+00
4.126675752248143425e-01 2.956714788392431359e+01 4.174557788876317233e+00
4.132768443037482253e-01 2.952925460671374580e+01 4.178522696268082370e+00
4.138861699598906374e-01 2.949144098965767924e+01 4.182486359310625623e+00
4.144955522811377135e-01 2.945370682691245534e+01 4.186448772455010570e+00
4.151049913555141524e-01 2.941605191315206724e+01 4.190409930177342979e+00
4.157144872711704409e-01 2.937847604354423936e+01 4.194369826981121818e+00
4.163240401163801896e-01 2.934097901375957917e+01 4.198328457396139690e+00
4.169336499795371354e-01 2.930356061998226380e+01 4.202285815977190531e+00
4.175433169491526986e-01 2.926622065889475266e+01 4.206241897305531552e+00
4.181530411138529857e-01 2.922895892768141834e+01 4.210196695988352111e+00
4.187628225623764577e-01 2.919177522403597536e+01 4.214150206657815367e+00
4.193726613835712103e-01 2.915466934615170658e+01 4.218102423971955339e+00
4.199825576663923088e-01 2.911764109271966916e+01 4.222053342614702665e+00
4.205925114998990133e-01 2.908069026294057480e+01 4.226002957294465290e+00
4.212025229732527798e-01 2.904381665651747113e+01 4.229951262744744866e+00
4.218125921757140961e-01 2.900702007365141810e+01 4.233898253724444949e+00
4.224227191966405948e-01 2.897030031504653280e+01 4.237843925017163116e+00
4.230329041254840550e-01 2.893365718190640834e+01 4.241788271431429003e+00
4.236431470517882936e-01 2.889709047593751379e+01 4.245731287800165177e+00
4.242534480651866668e-01 2.886059999934795783e+01 4.249672968980657828e+00
4.248638072553995726e-01 2.882418555483866385e+01 4.253613309855360569e+00
4.254742247122322296e-01 2.878784694561879576e+01 4.257552305330043474e+00
4.260847005255724018e-01 2.875158397539388844e+01 4.261489950334927279e+00
4.266952347853877892e-01 2.871539644836238736e+01 4.265426239824896548e+00
4.273058275817238627e-01 2.867928416922714163e+01 4.269361168778077698e+00
4.279164790047018108e-01 2.864324694318884923e+01 4.273294732196391443e+00
4.285271891445160963e-01 2.860728457594477803e+01 4.277226925105519051e+00
4.291379580914322367e-01 2.857139687368448122e+01 4.281157742555214973e+00
4.297487859357845830e-01 2.853558364309675355e+01 4.285087179618370712e+00
4.303596727679742662e-01 2.849984469137047327e+01 4.289015231390755467e+00
4.309706186784670323e-01 2.846417982618660858e+01 4.292941892991724018e+00
4.315816237577908554e-01 2.842858885571248351e+01 4.296867159564679461e+00
4.321926880965344386e-01 2.839307158862485281e+01 4.300791026274368711e+00
4.328038117853443278e-01 2.835762783408709353e+01 4.304713488309217517e+00
4.334149949149234682e-01 2.832225740175229944e+01 4.308634540880815322e+00
4.340262375760290392e-01 2.828696010176713926e+01 4.312554179223337947e+00
4.346375398594700679e-01 2.825173574477700100e+01 4.316472398592786419e+00
4.352489018561061518e-01 2.821658414191437814e+01 4.320389194268104305e+00
4.358603236568447392e-01 2.818150510479974358e+01 4.324304561550919246e+00
4.364718053526396302e-01 2.814649844554523028e+01 4.328218495764954099e+00
4.370833470344888116e-01 2.811156397675832608e+01 4.332130992255439850e+00
4.376949487934327365e-01 2.807670151153102012e+01 4.336042046390153004e+00
4.383066107205524919e-01 2.804191086343988815e+01 4.339951653559235289e+00
4.389183329069675787e-01 2.800719184655480376e+01 4.343859809174047903e+00
4.395301154438343016e-01 2.797254427543386512e+01 4.347766508667545438e+00
4.401419584223439374e-01 2.793796796511982095e+01 4.351671747494529896e+00
4.407538619337209584e-01 2.790346273113581432e+01 4.355575521131925143e+00
4.413658260692212010e-01 2.786902838949755434e+01 4.359477825077258117e+00
4.419778509201299777e-01 2.783466475670821083e+01 4.363378654849025651e+00
4.425899365777605232e-01 2.780037164974210029e+01 4.367278005988390888e+00
4.432020831334520516e-01 2.776614888606596665e+01 4.371175874056575594e+00
4.438142906785682573e-01 2.773199628363182967e+01 4.375072254635505864e+00
4.444265593044955387e-01 2.769791366086489504e+01 4.378967143328998723e+00
4.450388891026412774e-01 2.766390083667765509e+01 4.382860535760985776e+00
4.456512801644321176e-01 2.762995763045925912e+01 4.386752427576539048e+00
4.462637325813125222e-01 2.759608386208174835e+01 4.390642814440984587e+00
4.468762464447430527e-01 2.756227935189785327e+01 4.394531692039969073e+00
4.474888218461987033e-01 2.752854392072767453e+01 4.398419056080815182e+00
4.481014588771674023e-01 2.749487738988370111e+01 4.402304902289462696e+00
4.487141576291484579e-01 2.746127958114835010e+01 4.406189226412863036e+00
4.493269181936508372e-01 2.742775031677396314e+01 4.410072024218814057e+00
4.499397406621916673e-01 2.739428941949926610e+01 4.413953291493871944e+00
4.505526251262951809e-01 2.736089671253334998e+01 4.417833024045014767e+00
4.511655716774905511e-01 2.732757201955345749e+01 4.421711217699729524e+00
4.517785804073106704e-01 2.729431516471660046e+01 4.425587868304471151e+00
4.523916514072908179e-01 2.726112597264905091e+01 4.429462971725703468e+00
4.530047847689669394e-01 2.722800426845035915e+01 4.433336523849257915e+00
4.536179805838746470e-01 2.719494987769173378e+01 4.437208520580321114e+00
4.542312389435472220e-01 2.716196262640643866e+01 4.441078957844390551e+00
4.548445599395146699e-01 2.712904234110725810e+01 4.444947831585039033e+00
4.554579436633020562e-01 2.709618884877137290e+01 4.448815137765498307e+00
4.560713902064283953e-01 2.706340197683747917e+01 4.452680872368821596e+00
4.566848996604048194e-01 2.703068155321915356e+01 4.456545031396126788e+00
4.572984721167340783e-01 2.699802740629245790e+01 4.460407610867870076e+00
4.579121076669082080e-01 2.696543936489778659e+01 4.464268606823435626e+00
4.585258064024079205e-01 2.693291725833832473e+01 4.468128015321147117e+00
4.591395684147010492e-01 2.690046091638384240e+01 4.471985832437623820e+00
4.597533937952411054e-01 2.686807016926710645e+01 4.475842054268014181e+00
4.603672826354666126e-01 2.683574484768103119e+01 4.479696676926161025e+00
4.609812350267991632e-01 2.680348478277441515e+01 4.483549696544918639e+00
4.615952510606423642e-01 2.677128980616304688e+01 4.487401109274646416e+00
4.622093308283809487e-01 2.673915974992276645e+01 4.491250911283829694e+00
4.628234744213790552e-01 2.670709444657803289e+01 4.495099098760296563e+00
4.634376819309796169e-01 2.667509372911882792e+01 4.498945667908971657e+00
4.640519534485025299e-01 2.664315743099179201e+01 4.502790614952774106e+00
4.646662890652438760e-01 2.661128538609473537e+01 4.506633936133082052e+00
4.652806888724748124e-01 2.657947742878099717e+01 4.510475627709022994e+00
4.658951529614400733e-01 2.654773339386170861e+01 4.514315685957006608e+00
4.665096814233573030e-01 2.651605311659776021e+01 4.518154107171517886e+00
4.671242743494155580e-01 2.648443643270077530e+01 4.521990887664808056e+00
4.677389318307743071e-01 2.645288317833481528e+01 4.525826023766492234e+00
4.683536539585624325e-01 2.642139319011928578e+01 4.529659511823021845e+00
4.689684408238769531e-01 2.638996630511764607e+01 4.533491348198855242e+00
4.695832925177823580e-01 2.635860236083843589e+01 4.537321529276152177e+00
4.701982091313089418e-01 2.632730119524272894e+01 4.541150051453683112e+00
4.708131907554522488e-01 2.629606264674179883e+01 4.544976911146908272e+00
4.714282374811719079e-01 2.626488655418851792e+01 4.548802104788853384e+00
4.720433493993904661e-01 2.623377275687324328e+01 4.552625628830427651e+00
4.726585266009926678e-01 2.620272109454517917e+01 4.556447479737601114e+00
4.732737691768241217e-01 2.617173140738905701e+01 4.560267653994094061e+00
4.738890772176905242e-01 2.614080353602679807e+01 4.564086148100975571e+00
4.745044508143567152e-01 2.610993732152858371e+01 4.567902958575115413e+00
4.751198900575454021e-01 2.607913260540236422e+01 4.571718081950286283e+00
4.757353950379368257e-01 2.604838922959920922e+01 4.575531514776308484e+00
4.763509658461671514e-01 2.601770703650037220e+01 4.579343253620479004e+00
4.769666025728278580e-01 2.598708586892891148e+01 4.583153295065924837e+00
4.775823053084648495e-01 2.595652557014992823e+01 4.586961635711387153e+00
4.781980741435774007e-01 2.592602598385644441e+01 4.590768272172791598e+00
4.788139091686176019e-01 2.589558695417533940e+01 4.594573201082320146e+00
4.794298104739887489e-01 2.586520832567443051e+01 4.598376419087339961e+00
4.800457781500453436e-01 2.583488994335214173e+01 4.602177922851492298e+00
4.806618122870916499e-01 2.580463165262912995e+01 4.605977709055570912e+00
4.812779129753808061e-01 2.577443329937264593e+01 4.609775774394260672e+00
4.818940803051147137e-01 2.574429472986956924e+01 4.613572115579342992e+00
4.825103143664420946e-01 2.571421579083657249e+01 4.617366729338226783e+00
4.831266152494585464e-01 2.568419632941972353e+01 4.621159612413809015e+00
4.837429830442053214e-01 2.565423619319225068e+01 4.624950761564565305e+00
4.843594178406686601e-01 2.562433523015659276e+01 4.628740173564103166e+00
4.849759197287787371e-01 2.559449328873428087e+01 4.632527845202247363e+00
4.855924887984094940e-01 2.556471021777404573e+01 4.636313773283833761e+00
4.862091251393771407e-01 2.553498586654902880e+01 4.640097954628860322e+00
4.868258288414397672e-01 2.550532008475330770e+01 4.643880386072749999e+00
4.874425999942965104e-01 2.547571272250032948e+01 4.647661064466354297e+00
4.880594386875868329e-01 2.544616363032734085e+01 4.651439986675205418e+00
4.886763450108898010e-01 2.541667265918953689e+01 4.655217149580060720e+00
4.892933190537233634e-01 2.538723966046026348e+01 4.658992550076706429e+00
4.899103609055433517e-01 2.535786448592884312e+01 4.662766185076026026e+00
4.905274706557432585e-01 2.532854698780133873e+01 4.666538051503730244e+00
4.911446483936529606e-01 2.529928701870432661e+01 4.670308146299675833e+00
4.917618942085387190e-01 2.527008443167432716e+01 4.674076466419026410e+00
4.923792081896019024e-01 2.524093908015862198e+01 4.677843008831973570e+00
4.929965904259784315e-01 2.521185081802314087e+01 4.681607770522529854e+00
4.936140410067383910e-01 2.518281949954487331e+01 4.685370748489302350e+00
4.942315600208849746e-01 2.515384497940208774e+01 4.689131939746584266e+00
4.948491475573540965e-01 2.512492711269451107e+01 4.692891341321549170e+00
4.954668037050137808e-01 2.509606575492873048e+01 4.696648950255951860e+00
4.960845285526633286e-01 2.506726076201018216e+01 4.700404763606983671e+00
4.967023221890325968e-01 2.503851199025681495e+01 4.704158778445306943e+00
4.973201847027817757e-01 2.500981929639626600e+01 4.707910991855227323e+00
4.979381161825005564e-01 2.498118253755493967e+01 4.711661400935937216e+00
4.985561167167074648e-01 2.495260157126515210e+01 4.715410002800390465e+00
4.991741863938492507e-01 2.492407625545774152e+01 4.719156794576086611e+00
4.997923253023004997e-01 2.489560644847438198e+01 4.722901773403258119e+00
5.004105335303626889e-01 2.486719200905146820e+01 4.726644936436801281e+00
5.010288111662641874e-01 2.483883279632321006e+01 4.730386280845686464e+00
5.016471582981590904e-01 2.481052866982523142e+01 4.734125803812290201e+00
5.022655750141269415e-01 2.478227948949292880e+01 4.737863502532433380e+00
5.028840614021721223e-01 2.475408511565931491e+01 4.741599374215456741e+00
5.035026175502234080e-01 2.472594540904542981e+01 4.745333416085320444e+00
5.041212435461334129e-01 2.469786023077590187e+01 4.749065625378356970e+00
5.047399394776777015e-01 2.466982944236538344e+01 4.752795999344860967e+00
5.053587054325550110e-01 2.464185290571979081e+01 4.756524535248765062e+00
5.059775414983856967e-01 2.461393048313929555e+01 4.760251230367029684e+00
5.065964477627122875e-01 2.458606203731558182e+01 4.763976081989837574e+00
5.072154243129982643e-01 2.455824743132970411e+01 4.767699087420687931e+00
5.078344712366278380e-01 2.453048652864938717e+01 4.771420243976563391e+00
5.084535886209055056e-01 2.450277919313196051e+01 4.775139548987365146e+00
5.090727765530551618e-01 2.447512528902388240e+01 4.778856999795772609e+00
5.096920351202202104e-01 2.444752468095635933e+01 4.782572593757651092e+00
5.103113644094627865e-01 2.441997723394155173e+01 4.786286328242386645e+00
5.109307645077632021e-01 2.439248281337995650e+01 4.789998200631686132e+00
5.115502355020196124e-01 2.436504128505765721e+01 4.793708208319777064e+00
5.121697774790476831e-01 2.433765251513479555e+01 4.797416348714772738e+00
5.127893905255797025e-01 2.431031637015512814e+01 4.801122619237188083e+00
5.134090747282646916e-01 2.428303271704992383e+01 4.804827017319244220e+00
5.140288301736678500e-01 2.425580142312316667e+01 4.808529540406657254e+00
5.146486569482695561e-01 2.422862235605387937e+01 4.812230185958172868e+00
5.152685551384657003e-01 2.420149538390116817e+01 4.815928951444675477e+00
5.158885248305667970e-01 2.417442037510865660e+01 4.819625834348400417e+00
5.165085661107978732e-01 2.414739719848428834e+01 4.823320832165497229e+00
5.171286790652978027e-01 2.412042572320654443e+01 4.827013942405014468e+00
5.177488637801189730e-01 2.409350581884350362e+01 4.830705162586098389e+00
5.183691203412271742e-01 2.406663735532461956e+01 4.834394490241659348e+00
5.189894488345008217e-01 2.403982020294576927e+01 4.838081922917520927e+00
5.196098493457304013e-01 2.401305423238607872e+01 4.841767458169904614e+00
5.202303219606189133e-01 2.398633931468419789e+01 4.845451093568517997e+00
5.208508667647807622e-01 2.395967532124919686e+01 4.849132826694869003e+00
5.214714838437415345e-01 2.393306212385956044e+01 4.852812655142222376e+00
5.220921732829378881e-01 2.390649959465840269e+01 4.856490576516068636e+00
5.227129351677167746e-01 2.387998760615622729e+01 4.860166588433569856e+00
5.233337695833358838e-01 2.385352603122671411e+01 4.863840688523948685e+00
5.239546766149622004e-01 2.382711474310200472e+01 4.867512874428975067e+00
5.245756563476723366e-01 2.380075361538608192e+01 4.871183143800907445e+00
5.251967088664521999e-01 2.377444252204202613e+01 4.874851494304093258e+00
5.258178342561964369e-01 2.374818133738365589e+01 4.878517923615952157e+00
5.264390326017083233e-01 2.372196993609412630e+01 4.882182429424191561e+00
5.270603039876992080e-01 2.369580819321959098e+01 4.885845009427514540e+00
5.276816484987882916e-01 2.366969598414923937e+01 4.889505661338231945e+00
5.283030662195025151e-01 2.364363318463700381e+01 4.893164382879035657e+00
5.289245572342755608e-01 2.361761967079682023e+01 4.896821171783487081e+00
5.295461216274489624e-01 2.359165531909010127e+01 4.900476025797591895e+00
5.301677594832699958e-01 2.356574000633213117e+01 4.904128942678718239e+00
5.307894708858926780e-01 2.353987360969730602e+01 4.907779920194683676e+00
5.314112559193771013e-01 2.351405600670615215e+01 4.911428956125403644e+00
5.320331146676889889e-01 2.348828707523370696e+01 4.915076048261510344e+00
5.326550472146999171e-01 2.346256669349767421e+01 4.918721194405883956e+00
5.332770536441863163e-01 2.343689474007553741e+01 4.922364392371019193e+00
5.338991340398295815e-01 2.341127109388495242e+01 4.926005639981626771e+00
5.345212884852159618e-01 2.338569563419311947e+01 4.929644935073144829e+00
5.351435170638358940e-01 2.336016824061320563e+01 4.933282275492045343e+00
5.357658198590843357e-01 2.333468879310185429e+01 4.936917659096017985e+00
5.363881969542597661e-01 2.330925717196229030e+01 4.940551083753361716e+00
5.370106484325645191e-01 2.328387325784026984e+01 4.944182547343356049e+00
5.376331743771042282e-01 2.325853693172363634e+01 4.947812047756170450e+00
5.382557748708877154e-01 2.323324807493675337e+01 4.951439582893476299e+00
5.388784499968268804e-01 2.320800656915480076e+01 4.955065150666218443e+00
5.395011998377360340e-01 2.318281229638954244e+01 4.958688748996471496e+00
5.401240244763320097e-01 2.315766513897531453e+01 4.962310375819289909e+00
5.407469239952340523e-01 2.313256497960438907e+01 4.965930029077442853e+00
5.413698984769633737e-01 2.310751170130275156e+01 4.969547706724712022e+00
5.419929480039428205e-01 2.308250518742013924e+01 4.973163406727159952e+00
5.426160726584967620e-01 2.305754532164617743e+01 4.976777127060633354e+00
5.432392725228509800e-01 2.303263198801339584e+01 4.980388865710129842e+00
5.438625476791327795e-01 2.300776507087622846e+01 4.983998620672682733e+00
5.444858982093696564e-01 2.298294445492210514e+01 4.987606389955565156e+00
5.451093241954905189e-01 2.295817002517544125e+01 4.991212171575536871e+00
5.457328257193245769e-01 2.293344166698475206e+01 4.994815963560542471e+00
5.463564028626010094e-01 2.290875926603459689e+01 4.998417763947807124e+00
5.469800557069500746e-01 2.288412270832187900e+01 5.002017570787098855e+00
5.476037843339010003e-01 2.285953188019342974e+01 5.005615382135085945e+00
5.482275888248834272e-01 2.283498666830751844e+01 5.009211196060772586e+00
5.488514692612262991e-01 2.281048695964680206e+01 5.012805010643440973e+00
5.494754257241581952e-01 2.278603264152516061e+01 5.016396823971473573e+00
5.500994582948067757e-01 2.276162360157891840e+01 5.019986634143466908e+00
5.507235670541987815e-01 2.273725972776299287e+01 5.023574439268614356e+00
5.513477520832600343e-01 2.271294090835677437e+01 5.027160237465690074e+00
5.519720134628149921e-01 2.268866703196124135e+01 5.030744026863277263e+00
5.525963512735867500e-01 2.266443798749414640e+01 5.034325805600329495e+00
5.532207655961964843e-01 2.264025366419681262e+01 5.037905571824966344e+00
5.538452565111644521e-01 2.261611395162066529e+01 5.041483323696322572e+00
5.544698240989082150e-01 2.259201873964462237e+01 5.045059059381774347e+00
5.550944684397437490e-01 2.256796791845679806e+01 5.048632777059506971e+00
5.557191896138847786e-01 2.254396137855843563e+01 5.052204474917740384e+00
5.563439877014425550e-01 2.251999901077256183e+01 5.055774151153280549e+00
5.569688627824259664e-01 2.249608070623439815e+01 5.059341803972765561e+00
5.575938149367414276e-01 2.247220635638379349e+01 5.062907431593640872e+00
5.582188442441925469e-01 2.244837585297959137e+01 5.066471032241832262e+00
5.588439507844801257e-01 2.242458908809102880e+01 5.070032604152863165e+00
5.594692353789201267e-01 2.241271259087467271e+01 5.071812551285894699e+00
