sr b Me
0.000000000000000000e+00 8.993630157501047506e+01 3.504667778268418132e+00
1.638826680490059178e-03 8.985630872875195507e+01 3.504676413259710799e+00
3.530493326243059043e-03 8.968494664227372937e+01 3.504717331082424447e+00
5.828509869021089411e-03 8.949536282313208346e+01 3.504798219408007842e+00
8.426665148753089557e-03 8.929384081849235599e+01 3.504925230508722844e+00
1.126578422479147627e-02 8.908311976967254964e+01 3.505103265270004709e+00
1.430922199253355752e-02 8.886483099477898406e+01 3.505336457239071279e+00
1.753182057763483931e-02 8.864007730829571585e+01 3.505628416125427194e+00
2.091504580265919969e-02 8.840966230166024786e+01 3.505982365570192716e+00
2.444455552072853990e-02 8.817420196510195751e+01 3.506401229510525130e+00
2.810884734183004968e-02 8.793418624816879969e+01 3.506887690283570169e+00
3.189844290466998383e-02 8.769001603966364655e+01 3.507444229776471190e+00
3.580536406743728417e-02 8.744202682323418685e+01 3.508073159727339352e+00
3.982277964224172073e-02 8.719050456092891466e+01 3.508776644730393190e+00
4.394475758992413827e-02 8.693569677810941698e+01 3.509556720137660957e+00
4.816608550926906873e-02 8.667782054741694253e+01 3.510415306274643932e+00
5.248213707059888600e-02 8.641706839243163074e+01 3.511354219922129261e+00
5.688877036170753021e-02 8.615361275128522323e+01 3.512375183724600447e+00
6.138224900998374284e-02 8.588760941648872915e+01 3.513479833995951207e+00
6.595917994437669463e-02 8.561920022998683066e+01 3.514669727265963051e+00
7.061646356345446796e-02 8.534851522545059765e+01 3.515946345823232289e+00
7.535125331921496694e-02 8.507567435302485137e+01 3.517311102448381632e+00
8.016092256052206877e-02 8.480078888370481138e+01 3.518765344486812996e+00
8.504303705283634829e-02 8.452396256444687594e+01 3.520310357377571808e+00
8.999533199239398429e-02 8.424529257689043504e+01 3.521947367730523304e+00
9.501569261962987401e-02 8.396487033958737811e+01 3.523677546025612450e+00
1.001021377447171845e-01 8.368278218424113390e+01 3.525502008993824266e+00
1.052528056514225319e-01 8.339910992955506686e+01 3.527421821728522033e+00
1.104659419600140385e-01 8.311393137115155128e+01 3.529437999567190509e+00
1.157398891165956900e-01 8.282732070214831310e+01 3.531551509776847730e+00
1.210730772425240159e-01 8.253934887602483172e+01 3.533763273070849475e+00
1.264640161288118347e-01 8.225008392113640809e+01 3.536074164980476997e+00
1.319112882004369880e-01 8.195959121446135498e+01 3.538485017101058894e+00
1.374135423069922646e-01 8.166793372077873414e+01 3.540996618229477200e+00
1.429694882211544060e-01 8.137517220237211291e+01 3.543609715407420868e+00
1.485778917464974647e-01 8.108136540347817345e+01 3.546325014882807380e+00
1.542375703523411468e-01 8.078657021299419227e+01 3.549143183000020851e+00
1.599473892664550756e-01 8.049084180838603686e+01 3.552064847028267636e+00
1.657062579671647051e-01 8.019423378327518037e+01 3.555090595936076348e+00
1.715131270252245321e-01 7.989679826080262615e+01 3.558220981119001092e+00
1.773669852531152558e-01 7.959858599455300521e+01 3.561456517086672324e+00
1.832668571254803536e-01 7.929964645856273364e+01 3.564797682114618560e+00
1.892118004394822695e-01 7.900002792772096427e+01 3.568244918865571602e+00
1.952009041881047902e-01 7.869977754968915917e+01 3.571798634984493237e+00
2.012332866230135964e-01 7.839894140931428979e+01 3.575459203670980468e+00
2.073080934866188552e-01 7.809756458638324261e+01 3.579226964232316899e+00
2.134244963955664598e-01 7.779569120745405542e+01 3.583102222620075050e+00
2.195816913600835418e-01 7.749336449241039304e+01 3.587085251952801812e+00
2.257788974254923975e-01 7.719062679630512491e+01 3.591176293027039446e+00
2.320153554238306159e-01 7.688751964699025621e+01 3.595375554818686314e+00
2.382903268249119688e-01 7.658408377897345076e+01 3.599683214976452827e+00
2.446030926773765379e-01 7.628035916389009685e+01 3.604099420308949586e+00
2.509529526313308279e-01 7.597638503793695008e+01 3.608624287266782638e+00
2.573392240350932392e-01 7.567219992657366845e+01 3.613257902420852652e+00
2.637612410993611101e-01 7.536784166676862640e+01 3.618000322937874991e+00
2.702183541228186936e-01 7.506334742703288043e+01 3.622851577054055028e+00
2.767099287738173374e-01 7.475875372546265396e+01 3.627811664547692772e+00
2.832353454233032530e-01 7.445409644598964860e+01 3.632880557211367822e+00
2.897939985246482109e-01 7.414941085301509816e+01 3.638058199324287312e+00
2.963852960364579681e-01 7.384473160458952634e+01 3.643344508125296421e+00
3.030086588848116547e-01 7.354009276428395481e+01 3.648739374286876114e+00
3.096635204617186887e-01 7.323552781188223548e+01 3.654242662390521978e+00
3.163493261568760540e-01 7.293106965301574007e+01 3.659854211403693380e+00
3.230655329200750603e-01 7.262675062784697388e+01 3.665573835158561167e+00
3.298116088518433520e-01 7.232260251890291158e+01 3.671401322832606340e+00
3.365870328201225337e-01 7.201865655814469847e+01 3.677336439431248660e+00
3.433912941009704678e-01 7.171494343335764654e+01 3.683378926272444343e+00
3.502238920414512124e-01 7.141149329393664402e+01 3.689528501473251509e+00
3.570843357430305010e-01 7.110833575613122548e+01 3.695784860438381614e+00
3.639721437639332202e-01 7.080549990781865688e+01 3.702147676350516114e+00
3.708868438390483524e-01 7.050301431285696196e+01 3.708616600662364871e+00
3.778279726160800323e-01 7.020090701507069753e+01 3.715191263590325477e+00
3.847950754067480106e-01 6.989920554191996871e+01 3.721871274609474423e+00
3.917877059519362382e-01 6.959793690789220477e+01 3.728656222949793708e+00
3.988054261997736050e-01 6.929712761766101892e+01 3.735545678093339372e+00
4.058478060957111389e-01 6.899680366904422613e+01 3.742539190272165417e+00
4.129144233837302447e-01 6.869699055579705771e+01 3.749636290966742447e+00
4.200048634178827345e-01 6.839771327026998904e+01 3.756836493404604127e+00
4.271187189834257381e-01 6.809899630595970166e+01 3.764139293058937241e+00
4.342555901268662644e-01 6.780086365997760822e+01 3.771544168146856002e+00
4.414150839942840854e-01 6.750333883545955871e+01 3.779050580127060410e+00
4.485968146773469667e-01 6.720644484393775997e+01 3.786657974196574461e+00
4.558004030664752348e-01 6.691020420769233112e+01 3.794365779786325277e+00
4.630254767106520286e-01 6.661463896210240421e+01 3.802173411055155938e+00
4.702716696834144394e-01 6.631977065801019933e+01 3.810080267382075725e+00
4.775386224545902225e-01 6.602562036411192992e+01 3.818085733856404929e+00
4.848259817673800098e-01 6.573220866938952156e+01 3.826189181765490943e+00
4.921334005204125450e-01 6.543955568559302094e+01 3.834389969079746940e+00
4.994605376544259956e-01 6.514768104978303143e+01 3.842687440934707155e+00
5.068070580432544325e-01 6.485660392694352083e+01 3.851080930109787914e+00
5.141726323888230477e-01 6.456634301267089882e+01 3.859569757503499954e+00
5.215569371198719439e-01 6.427691653594754939e+01 3.868153232604806924e+00
5.289596542941552570e-01 6.398834226200320074e+01 3.876830653960411599e+00
5.363804715038765769e-01 6.370063749527061248e+01 3.885601309637650935e+00
5.438190817841355162e-01 6.341381908243943144e+01 3.894464477682776149e+00
5.512751835241866960e-01 6.312790341560834406e+01 3.903419426574423312e+00
5.587484803813159706e-01 6.284290643554529510e+01 3.912465415671832591e+00
5.662386811971584777e-01 6.255884363504648604e+01 3.921601695657946696e+00
5.737454999162967528e-01 6.227573006240476872e+01 3.930827508976838747e+00
5.812686555069851435e-01 6.199358032498402338e+01 3.940142090265413621e+00
5.888078718838608561e-01 6.171240859289924430e+01 3.949544666779198909e+00
5.963628778325128499e-01 6.143222860280280884e+01 3.959034458811985679e+00
6.039334069357876755e-01 6.115305366177630475e+01 3.968610680109160516e+00
6.115191975017201242e-01 6.087489665132476091e+01 3.978272538274605807e+00
6.191199924929888798e-01 6.059777003147343066e+01 3.988019235170971566e+00
6.267355394578001393e-01 6.032168584496453434e+01 3.997849967313184205e+00
6.343655904621122721e-01 6.004665572155234798e+01 4.007763926255031528e+00
6.420099020231221365e-01 5.977269088239030026e+01 4.017760298968836352e+00
6.496682350439398901e-01 5.949980214451323235e+01 4.027838268217917239e+00
6.573403547493793520e-01 5.922799992540596747e+01 4.037997012921898943e+00
6.650260306228081841e-01 5.895729424765878690e+01 4.048235708514688724e+00
6.727250363439967185e-01 5.868769474370461126e+01 4.058553527295059915e+00
6.804371497279113612e-01 5.841921066063261492e+01 4.068949638769878696e+00
6.881621526644089437e-01 5.815185086507934642e+01 4.079423209989696097e+00
6.958998310587851677e-01 5.788562384818723672e+01 4.089973405876916601e+00
7.036499747731361776e-01 5.762053773063123430e+01 4.100599389546320417e+00
7.114123775685005091e-01 5.735660026770796094e+01 4.111300322617950975e+00
7.191868370477433325e-01 5.709381885448108562e+01 4.122075365522463564e+00
7.269731545991574562e-01 5.683220053098263946e+01 4.132923677798750361e+00
7.347711353407513357e-01 5.657175198746315914e+01 4.143844418383954675e+00
7.425805880651984436e-01 5.631247956968710611e+01 4.154836745895856609e+00
7.504013251854285693e-01 5.605438928426958256e+01 4.165899818907632834e+00
7.582331626808392899e-01 5.579748680404886585e+01 4.177032796215083721e+00
7.660759200441086270e-01 5.554177747349388028e+01 4.188234837096170615e+00
7.739294202285958990e-01 5.528726631413795189e+01 4.199505101563137721e+00
7.817934895963136732e-01 5.503395803003536457e+01 4.210842750607207030e+00
7.896679578664579369e-01 5.478185701324423462e+01 4.222246946435562975e+00
7.975526580644873853e-01 5.453096734931653344e+01 4.233716852701377320e+00
8.054474264717409460e-01 5.428129282280617218e+01 4.245251634726217027e+00
8.133521025755822143e-01 5.403283692278412076e+01 4.256850459715296076e+00
8.212665290200670265e-01 5.378560284835539562e+01 4.268512496965628067e+00
8.291905515571255103e-01 5.353959351417864099e+01 4.280236918067014784e+00
8.371240189982513957e-01 5.329481155598032416e+01 4.292022897096104295e+00
8.450667831666960339e-01 5.305125933606444733e+01 4.303869610803435108e+00
8.530186988501629042e-01 5.280893894881050699e+01 4.315776238793701758e+00
8.609796237539946162e-01 5.256785222615444297e+01 4.327741963699437200e+00
8.689494184548551825e-01 5.232800074305803406e+01 4.339765971347815388e+00
8.769279463549016773e-01 5.208938582295424879e+01 4.351847450921071392e+00
8.849150736364423953e-01 5.185200854316973818e+01 4.363985595110480453e+00
8.929106692170816206e-01 5.161586974032039166e+01 4.376179600264047842e+00
9.009146047053501194e-01 5.138097001567756905e+01 4.388428666527975253e+00
9.089267543568159136e-01 5.114730974050330303e+01 4.400731997981983668e+00
9.169469950306801120e-01 5.091488906134858183e+01 4.413088802768766250e+00
9.249752061468528019e-01 5.068370790531824355e+01 4.425498293217356327e+00
9.330112696435095554e-01 5.045376598528854828e+01 4.437959685961152090e+00
9.410550699351297732e-01 5.022506280509137611e+01 4.450472202049855497e+00
9.491064938710127574e-01 4.999759766464791255e+01 4.463035067056205563e+00
9.571654306942750656e-01 4.977136966505786830e+01 4.475647511177239579e+00
9.652317720013272595e-01 4.954637771364141230e+01 4.488308769330210168e+00
9.733054117018272722e-01 4.932262052892780702e+01 4.501018081243525870e+00
9.813862459791150572e-01 4.910009664559708398e+01 4.513774691542362660e+00
9.894741732511246335e-01 4.887880441936091813e+01 4.526577849829776845e+00
9.975690941317725269e-01 4.865874203179416924e+01 4.539426810762708264e+00
1.005670911392825717e+00 4.843990749510900429e+01 4.552320834123318782e+00
1.013779529926245759e+00 4.822229865686622219e+01 4.565259184886099497e+00
1.021894856707006971e+00 4.800591320463293243e+01 4.578241133280183561e+00
1.030016800756393458e+00 4.779074867057651232e+01 4.591265954847573383e+00
1.038145273105769650e+00 4.757680243599951808e+01 4.604332930497005094e+00
1.046280186760821795e+00 4.736407173580877839e+01 4.617441346553954773e+00
1.054421456666276180e+00 4.715255366292242911e+01 4.630590494806602564e+00
1.062568999671086756e+00 4.694224517261770302e+01 4.643779672547661441e+00
1.070722734494091499e+00 4.673314308680268425e+01 4.657008182613156855e+00
1.078882581690140174e+00 4.652524409823639928e+01 4.670275333416745944e+00
1.087048463616687943e+00 4.631854477467160081e+01 4.683580438981235439e+00
1.095220304400853273e+00 4.611304156293649470e+01 4.696922818966365654e+00
1.103398029906939914e+00 4.590873079295054993e+01 4.710301798693240727e+00
1.111581567704422291e+00 4.570560868166895574e+01 4.723716709165871386e+00
1.119770847036387407e+00 4.550367133696367006e+01 4.737166887089358625e+00
1.127965798788433949e+00 4.530291476143604967e+01 4.750651674885189912e+00
1.136166355458029686e+00 4.510333485615791460e+01 4.764170420703907283e+00
1.144372451124315404e+00 4.490492742435405660e+01 4.777722478434394127e+00
1.152584021418363802e+00 4.470768817500721326e+01 4.791307207711162697e+00
1.160801003493881822e+00 4.451161272639839694e+01 4.804923973918869606e+00
1.169023335998356616e+00 4.431669660958673518e+01 4.818572148193852378e+00
1.177250959044644052e+00 4.412293527181221009e+01 4.832251107423979342e+00
1.185483814182995088e+00 4.393032407983607612e+01 4.845960234245845655e+00
1.193721844373514918e+00 4.373885832321555256e+01 4.859698917039705357e+00
1.201964993959052874e+00 4.354853321750786677e+01 4.873466549922579993e+00
1.210213208638523108e+00 4.335934390741511635e+01 4.887262532738811949e+00
1.218466435440646700e+00 4.317128546985806281e+01 4.901086271049080345e+00
1.226724622698113887e+00 4.298435291698333316e+01 4.914937176117621043e+00
1.234987720022165725e+00 4.279854119911087196e+01 4.928814664897297249e+00
1.243255678277586318e+00 4.261384520761790640e+01 4.942718160012899098e+00
1.251528449558104494e+00 4.243025977775152313e+01 4.956647089743358769e+00
1.259805987162202046e+00 4.224777969138662570e+01 4.970600888001776241e+00
1.268088245569322092e+00 4.206639967971617011e+01 4.984578994314341926e+00
1.276375180416473132e+00 4.188611442588290856e+01 4.998580853797567336e+00
1.284666748475228548e+00 4.170691856754776694e+01 5.012605917134319355e+00
1.292962907629113811e+00 4.152880669939788305e+01 5.026653640548561341e+00
1.301263616851375815e+00 4.135177337559723298e+01 5.040723485778655366e+00
1.309568836183136353e+00 4.117581311217580264e+01 5.054814920049702565e+00
1.317878526711919518e+00 4.100092038936041661e+01 5.068927416044753720e+00
1.326192650550547469e+00 4.082708965384879463e+01 5.083060451874921171e+00
1.334511170816409020e+00 4.065431532102779499e+01 5.097213511048406254e+00
1.342834051611086377e+00 4.048259177713592294e+01 5.111386082438570178e+00
1.351161258000340482e+00 4.031191338136468261e+01 5.125577660251590117e+00
1.359492755994452295e+00 4.014227446791515774e+01 5.139787743992510372e+00
1.367828512528910467e+00 3.997366934799426730e+01 5.154015838431035945e+00
1.376168495445444062e+00 3.980609231175934326e+01 5.168261453566531216e+00
1.384512673473396571e+00 3.963953763021171284e+01 5.182524104592206804e+00
1.392861016211434544e+00 3.947399955703930630e+01 5.196803311858698038e+00
1.401213494109585067e+00 3.930947233040894417e+01 5.211098600837013706e+00
1.409570078451604536e+00 3.914595017470875860e+01 5.225409502080966107e+00
1.417930741337664280e+00 3.898342730224014474e+01 5.239735551189266261e+00
1.426295455667354162e+00 3.882189791486607788e+01 5.254076288766762026e+00
1.434664195123002584e+00 3.866135620560918085e+01 5.268431260385544768e+00
1.443036934153301143e+00 3.850179636020569518e+01 5.282800016545475152e+00
1.451413647957232156e+00 3.834321255861261335e+01 5.297182112634483353e+00
1.459794312468299271e+00 3.818559897647183021e+01 5.311577108888415388e+00
1.468178904339049184e+00 3.802894978652757629e+01 5.325984570350874137e+00
1.476567400925884677e+00 3.787325916000755655e+01 5.340404066832201480e+00
1.484959780274164753e+00 3.771852126795548088e+01 5.354835172868839699e+00
1.493356021103584119e+00 3.756473028252428747e+01 5.369277467682333160e+00
1.501756102793829317e+00 3.741188037823498291e+01 5.383730535137607021e+00
1.510160005370511316e+00 3.725996573318595040e+01 5.398193963702029308e+00
1.518567709491361439e+00 3.710898053022928877e+01 5.412667346403836177e+00
1.526979196432693309e+00 3.695891895811284655e+01 5.427150280790113968e+00
1.535394448076126794e+00 3.680977521257795360e+01 5.441642368885403869e+00
1.543813446895563102e+00 3.666154349742409835e+01 5.456143217149938884e+00
1.552236175944414098e+00 3.651421802553841189e+01 5.470652436437863031e+00
1.560662618843078331e+00 3.636779301989229651e+01 5.485169641955216946e+00
1.569092759766659517e+00 3.622226271450046653e+01 5.499694453218332946e+00
1.577526583432923291e+00 3.607762135534731129e+01 5.514226494012183899e+00
1.585964075090490422e+00 3.593386320128333722e+01 5.528765392348572227e+00
1.594405220507260967e+00 3.579098252488901721e+01 5.543310780424436146e+00
1.602850005959062241e+00 3.564897361330694991e+01 5.557862294580342422e+00
1.611298418218524375e+00 3.550783076904094315e+01 5.572419575259371705e+00
1.619750444544171497e+00 3.536754831073265137e+01 5.586982266965367927e+00
1.628206072669729831e+00 3.522812057390498097e+01 5.601550018221812088e+00
1.636665290793645866e+00 3.508954191167430281e+01 5.616122481531116151e+00
1.645128087568815456e+00 3.495180669544096475e+01 5.630699313333502154e+00
1.653594452092512990e+00 3.481490931555038060e+01 5.645280173966325421e+00
1.662064373896523062e+00 3.467884418192856799e+01 5.659864727623499014e+00
1.670537842937470652e+00 3.454360572468929291e+01 5.674452642315449324e+00
1.679014849587341152e+00 3.440918839472232094e+01 5.689043589828607139e+00
1.687495384624191352e+00 3.427558666425151301e+01 5.703637245685779789e+00
1.695979439223049168e+00 3.414279502737176131e+01 5.718233289106453121e+00
1.704467004946993658e+00 3.401080800056323739e+01 5.732831402967323520e+00
1.712958073738414022e+00 3.387962012318253358e+01 5.747431273763120352e+00
1.721452637910448003e+00 3.374922595793237434e+01 5.762032591567641582e+00
1.729950690138590375e+00 3.361962009131009665e+01 5.776635049995046067e+00
1.738452223452472856e+00 3.349079713403381930e+01 5.791238346161590833e+00
1.746957231227808771e+00 3.336275172145098367e+01 5.805842180647344364e+00
1.755465707178504919e+00 3.323547851392685004e+01 5.820446257458235628e+00
1.763977645348928203e+00 3.310897219720933293e+01 5.835050283988903352e+00
1.772493040106334794e+00 3.298322748278191341e+01 5.849653970985083440e+00
1.781011886133451183e+00 3.285823910819823368e+01 5.864257032506296596e+00
1.789534178421206434e+00 3.273400183738883840e+01 5.878859185890040528e+00
1.798059912261614324e+00 3.261051046096342532e+01 5.893460151714835504e+00
1.806589083240800475e+00 3.248775979649536083e+01 5.908059653763668706e+00
1.815121687232171377e+00 3.236574468877815747e+01 5.922657418989191846e+00
1.823657720389725734e+00 3.224446001007480334e+01 5.937253177478196697e+00
1.832197179141501264e+00 3.212390066035980141e+01 5.951846662415491096e+00
1.840740060183157167e+00 3.200406156753230391e+01 5.966437610049740492e+00
1.849286360471688928e+00 3.188493768761559366e+01 5.981025759659588381e+00
1.857836077219272131e+00 3.176652400495726880e+01 5.995610853518321015e+00
1.866389207887232615e+00 3.164881553240164180e+01 6.010192636860578475e+00
1.874945750180143644e+00 3.153180731145331706e+01 6.024770857848858796e+00
1.883505702040043417e+00 3.141549441242704788e+01 6.039345267540523921e+00
1.892069061640770045e+00 3.129987193458958572e+01 6.053915619854548957e+00
1.900635827382419984e+00 3.118493500628860815e+01 6.068481671538720867e+00
1.909205997885914829e+00 3.107067878505836589e+01 6.083043182138676563e+00
1.917779571987684895e+00 3.095709845773578905e+01 6.097599913964493190e+00
1.926356548734462049e+00 3.084418924054746469e+01 6.112151632059933171e+00
1.934936927378181792e+00 3.073194637918875927e+01 6.126698104171700798e+00
1.943520707370987699e+00 3.062036514890398564e+01 6.141239100717556632e+00
1.952107888360347099e+00 3.050944085454638000e+01 6.155774394756118539e+00
1.960698470184261133e+00 3.039916883062523567e+01 6.170303761957384836e+00
1.969292452866577836e+00 3.028954444135883151e+01 6.184826980571666688e+00
1.977889836612405139e+00 3.018056308070428528e+01 6.199343831400679683e+00
1.986490621803617573e+00 3.007222017238320078e+01 6.213854097768350293e+00
1.995094808994454461e+00 2.996451116990071029e+01 6.228357565491788428e+00
2.003702398907216242e+00 2.985743155655496039e+01 6.242854022852705853e+00
2.012313392428046299e+00 2.975097684544214260e+01 6.257343260568754673e+00
2.020927790602801366e+00 2.964514257944409792e+01 6.271825071766500947e+00
2.029545594633011873e+00 2.953992433121875294e+01 6.286299251953370693e+00
2.038166805871923337e+00 2.943531770318524110e+01 6.300765598989666039e+00
2.046791425820623012e+00 2.933131832749149481e+01 6.315223913062354200e+00
2.055419456124247812e+00 2.922792186597873965e+01 6.329673996658754298e+00
2.064050898568269954e+00 2.912512401014722485e+01 6.344115654539441707e+00
2.072685755074864744e+00 2.902292048111265999e+01 6.358548693711935762e+00
2.081324027699351209e+00 2.892130702954545995e+01 6.372972923406292622e+00
2.089965718626708213e+00 2.882027943562184547e+01 6.387388155048525640e+00
2.098610830168166075e+00 2.871983350896087828e+01 6.401794202235566722e+00
2.107259364757868347e+00 2.861996508855166255e+01 6.416190880711196698e+00
2.115911324949605099e+00 2.852067004268594985e+01 6.430578008340762430e+00
2.124566713413613250e+00 2.842194426887671099e+01 6.444955405087538836e+00
2.133225532933447077e+00 2.832378369377908101e+01 6.459322892988384801e+00
2.141887786402912663e+00 2.822618427310220213e+01 6.473680296130334355e+00
2.150553476823070298e+00 2.812914199151773431e+01 6.488027440627369025e+00
2.159222607299295049e+00 2.803265286256710098e+01 6.502364154597069401e+00
2.167895181038405727e+00 2.793671292856220845e+01 6.516690268137909747e+00
2.176571201345850248e+00 2.784131826047955727e+01 6.531005613307285351e+00
2.185250671622952279e+00 2.774646495785804490e+01 6.545310024098731638e+00
2.193933595364216060e+00 2.765214914868909801e+01 6.559603336420033237e+00
2.202619976154690740e+00 2.755836698929859452e+01 6.573885388072378433e+00
2.211309817667383992e+00 2.746511466423791248e+01 6.588156018727923779e+00
2.220003123660740041e+00 2.737238838616167769e+01 6.602415069909166156e+00
2.228699897976163413e+00 2.728018439570424647e+01 6.616662384968376109e+00
2.237400144535598656e+00 2.718849896135648336e+01 6.630897809066822468e+00
2.246103867339162008e+00 2.709732837934009453e+01 6.645121189154217234e+00
2.254811070462823253e+00 2.700666897347370821e+01 6.659332373949335526e+00
2.263521758056133759e+00 2.691651709504664680e+01 6.673531213919327243e+00
2.272235934340008701e+00 2.682686912267901036e+01 6.687717561261056431e+00
2.280953603604552349e+00 2.673772146218856349e+01 6.701891269881315338e+00
2.289674770206930887e+00 2.664907054645065898e+01 6.716052195378059864e+00
2.298399438569290076e+00 2.656091283525675451e+01 6.730200195021808440e+00
2.307127613176719994e+00 2.647324481517971506e+01 6.744335127735928026e+00
2.315859298575259295e+00 2.638606299941951505e+01 6.758456854080004739e+00
2.324594499369944334e+00 2.629936392766161291e+01 6.772565236231202768e+00
2.333333220222903126e+00 2.621314416593536123e+01 6.786660137965577988e+00
2.342075465851482186e+00 2.612740030646078893e+01 6.800741424641265631e+00
2.350821241026422204e+00 2.604212896749594108e+01 6.814808963181656409e+00
2.359570550570066150e+00 2.595732679319188563e+01 6.828862622057283005e+00
2.368323399354611336e+00 2.587299045344123272e+01 6.842902271268838987e+00
2.377079792300393013e+00 2.578911664371822710e+01 6.856927782331631249e+00
2.385839734374211929e+00 2.570570208493106179e+01 6.870939028258066017e+00
2.394603230587690312e+00 2.562274352326705795e+01 6.884935883541378310e+00
2.403370285995670042e+00 2.554023773003135744e+01 6.898918224140526689e+00
2.412140905694640569e+00 2.545818150149413484e+01 6.912885927463763736e+00
2.420915094821201485e+00 2.537657165873617160e+01 6.926838872352529819e+00
2.429692858550562384e+00 2.529540504748636920e+01 6.940776939066847895e+00
2.438474202095068932e+00 2.521467853796516323e+01 6.954700009269823013e+00
2.447259130702763574e+00 2.513438902472533343e+01 6.968607966012673849e+00
2.456047649655979992e+00 2.505453342649460069e+01 6.982500693719626561e+00
2.464839764269963762e+00 2.497510868601343148e+01 6.996378078173726145e+00
2.473635479891524103e+00 2.489611176987701668e+01 7.010240006502069576e+00
2.482434801897715371e+00 2.481753966837502645e+01 7.024086367161606503e+00
2.491237735694550093e+00 2.473938939532831327e+01 7.037917049925574098e+00
2.500044286715730646e+00 2.466165798793130648e+01 7.051731945869124552e+00
2.508854460421421795e+00 2.458434250659203002e+01 7.065530947355535218e+00
2.517668262297037884e+00 2.450744003477064936e+01 7.079313948022804226e+00
2.526485697852063339e+00 2.443094767881450480e+01 7.093080842771135153e+00
2.535306772618896698e+00 2.435486256780330194e+01 7.106831527748681765e+00
2.544131492151719964e+00 2.427918185338683088e+01 7.120565900338905685e+00
2.552959862025393711e+00 2.420390270962344914e+01 7.134283859147936724e+00
2.561791887834373060e+00 2.412902233281766939e+01 7.147985303992324013e+00
2.570627575191652969e+00 2.405453794136518297e+01 7.161670135885606747e+00
2.579466929727729507e+00 2.398044677559114746e+01 7.175338257026333544e+00
2.588309957089591773e+00 2.390674609758357860e+01 7.188989570787200023e+00
2.597156662939728911e+00 2.383343319104537272e+01 7.202623981700967626e+00
2.606007052955162440e+00 2.376050536112992262e+01 7.216241395449586093e+00
2.614861132826502121e+00 2.368795993427757907e+01 7.229841718853459831e+00
2.623718908257015592e+00 2.361579425806605315e+01 7.243424859858289544e+00
2.632580384961725972e+00 2.354400570104795776e+01 7.256990727524549101e+00
2.641445568666525912e+00 2.347259165259008640e+01 7.270539232016896669e+00
2.650314465107309836e+00 2.340154952272454381e+01 7.284070284591559918e+00
2.659187080029128403e+00 2.333087674198818817e+01 7.297583797586188581e+00
2.668063419185362495e+00 2.326057076126097911e+01 7.311079684410133339e+00
2.676943488336909205e+00 2.319062905162100208e+01 7.324557859531832804e+00
2.685827293251393133e+00 2.312104910418292292e+01 7.338018238469559584e+00
2.694714839702394116e+00 2.305182842994454617e+01 7.351460737780917576e+00
2.703606133468685613e+00 2.298296455963473051e+01 7.364885275052284186e+00
2.712501180333498407e+00 2.291445504355990792e+01 7.378291768888805002e+00
2.721399986083798961e+00 2.284629745145038271e+01 7.391680138904655806e+00
2.730302556509577983e+00 2.277848937230925586e+01 7.405050305713103853e+00
2.739208897403160758e+00 2.271102841426279895e+01 7.418402190916489225e+00
2.748119014558536577e+00 2.264391220440816710e+01 7.431735717097017080e+00
2.757032913770691707e+00 2.257713838866470724e+01 7.445050807807110260e+00
2.765950600834966355e+00 2.251070463162513846e+01 7.458347387560031017e+00
2.774872081546427172e+00 2.244460861640672178e+01 7.471625381820794942e+00
2.783797361699246409e+00 2.237884804450419907e+01 7.484884716996978327e+00
2.792726447086100627e+00 2.231342063564234479e+01 7.498125320429901208e+00
2.801659343497585830e+00 2.224832412763283429e+01 7.511347120385163834e+00
2.810596056721636149e+00 2.218355627622421267e+01 7.524550046044916840e+00
2.819536592542966957e+00 2.211911485496386831e+01 7.537734027497893230e+00
2.828480956742524643e+00 2.205499765504899656e+01 7.550898995732020502e+00
2.837429155096946598e+00 2.199120248518491749e+01 7.564044882625768906e+00
2.846381193378041186e+00 2.192772717144791628e+01 7.577171620938854879e+00
2.855337077352276598e+00 2.186456955713672912e+01 7.590279144305566383e+00
2.864296812780276369e+00 2.180172750263870540e+01 7.603367387225316243e+00
2.873260405416333096e+00 2.173919888528785194e+01 7.616436285055182331e+00
2.882227861007934600e+00 2.167698159922523971e+01 7.629485774002197296e+00
2.891199185295291407e+00 2.161507355526399010e+01 7.642515791114988133e+00
2.900174384010887341e+00 2.155347268074990552e+01 7.655526274276605037e+00
2.909153462879034535e+00 2.149217691942606123e+01 7.668517162196789805e+00
2.918136427615435569e+00 2.143118423130154682e+01 7.681488394403639397e+00
2.927123283926764241e+00 2.137049259251171662e+01 7.694439911237358487e+00
2.936114037510252572e+00 2.131009999518703069e+01 7.707371653842464809e+00
2.945108694053282683e+00 2.125000444732296145e+01 7.720283564160035361e+00
2.954107259232995997e+00 2.119020397264498001e+01 7.733175584921308854e+00
2.963109738715910879e+00 2.113069661048007220e+01 7.746047659640129091e+00
2.972116138157542053e+00 2.107148041562722796e+01 7.758899732605926580e+00
2.981126463202038668e+00 2.101255345822608334e+01 7.771731748877343193e+00
2.990140719481825915e+00 2.095391382363283483e+01 7.784543654274579616e+00
2.999158912617255535e+00 2.089555961228968428e+01 7.797335395373436562e+00
3.008181048216266085e+00 2.083748893960027004e+01 7.810106919498288391e+00
3.017207131874053871e+00 2.077969993580556363e+01 7.822858174715277002e+00
3.026237169172745656e+00 2.072219074585694898e+01 7.835589109826374354e+00
3.035271165681084238e+00 2.066495952929420454e+01 7.848299674362642975e+00
3.044309126954123812e+00 2.060800446012450493e+01 7.860989818577561294e+00
3.053351058532926210e+00 2.055132372669734053e+01 7.873659493441508950e+00
3.062396965944268690e+00 2.049491553158738100e+01 7.886308650634771489e+00
3.071446854700364604e+00 2.043877809147026170e+01 7.898937242542399595e+00
3.080500730298576961e+00 2.038290963700904967e+01 7.911545222246949116e+00
3.089558598221154195e+00 2.032730841273324884e+01 7.924132543523152883e+00
3.098620463934965041e+00 2.027197267691914462e+01 7.936699160832591637e+00
3.107686332891239633e+00 2.021690070147917240e+01 7.949245029316573508e+00
3.116756210525320814e+00 2.016209077184346299e+01 7.961770104791063396e+00
3.125830102256422105e+00 2.010754118684353386e+01 7.974274343741387661e+00
3.134908013487386569e+00 2.005325025860236465e+01 7.986757703315773504e+00
3.143989949604457657e+00 1.999921631242060371e+01 7.999220141320004807e+00
3.153075915977056276e+00 1.994543768666170180e+01 8.011661616212624182e+00
3.162165917957558303e+00 1.989191273264627213e+01 8.024082087098259208e+00
3.171259960881083639e+00 1.983863981453893288e+01 8.036481513722934622e+00
3.180358050065289710e+00 1.978561730923749451e+01 8.048859856469153584e+00
3.189460190810168516e+00 1.973284360626854905e+01 8.061217076349686650e+00
3.198566388397848570e+00 1.968031710767710507e+01 8.073553135003061598e+00
3.207676648092411487e+00 1.962803622792057823e+01 8.085867994688294758e+00
3.216790975139697473e+00 1.957599939376498455e+01 8.098161618279320351e+00
3.225909374767131244e+00 1.952420504417718661e+01 8.110433969260641973e+00
3.235031852183547052e+00 1.947265163022424872e+01 8.122685011721557657e+00
3.244158412579016382e+00 1.942133761496564404e+01 8.134914710352351364e+00
3.253289061124682746e+00 1.937026147335432569e+01 8.147123030438558899e+00
3.262423802972604925e+00 1.931942169213604998e+01 8.159309937856036754e+00
3.271562643255597091e+00 1.926881676974600666e+01 8.171475399066773448e+00
3.280705587087080932e+00 1.921844521620987578e+01 8.183619381114013436e+00
3.289852639560939540e+00 1.916830555304500194e+01 8.195741851617546203e+00
3.299003805751372642e+00 1.911839631316382437e+01 8.207842778768702274e+00
3.308159090712760264e+00 1.906871604077524651e+01 8.219922131326093506e+00
3.317318499479532612e+00 1.901926329128593096e+01 8.231979878611653589e+00
3.326482037066035957e+00 1.897003663120684891e+01 8.244015990505593194e+00
3.335649708466409180e+00 1.892103463806099839e+01 8.256030437441360448e+00
3.344821518654466530e+00 1.887225590028366184e+01 8.268023190402626454e+00
3.353997472583574169e+00 1.882369901713241589e+01 8.279994220918165837e+00
3.363177575186540480e+00 1.877536259859655488e+01 8.291943501057065902e+00
3.372361831375507268e+00 1.872724526529914613e+01 8.303871003426044339e+00
3.381550246041842289e+00 1.867934564841213430e+01 8.315776701163757778e+00
3.390742824056035776e+00 1.863166238956502241e+01 8.327660567936913338e+00
3.399939570267606737e+00 1.858419414075045495e+01 8.339522577937430015e+00
3.409140489505001259e+00 1.853693956424417166e+01 8.351362705876217873e+00
3.418345586575505024e+00 1.848989733251078249e+01 8.363180926980749774e+00
3.427554866265154043e+00 1.844306612811664436e+01 8.374977216991057460e+00
3.436768333338649395e+00 1.839644464364810972e+01 8.386751552154654732e+00
3.445985992539273290e+00 1.835003158162031411e+01 8.398503909224020347e+00
3.455207848588814024e+00 1.830382565439817100e+01 8.410234265451270730e+00
3.464433906187486922e+00 1.825782558410610434e+01 8.421942598585861361e+00
3.473664170013861963e+00 1.821203010255013766e+01 8.433628886869410479e+00
3.482898644724796711e+00 1.816643795113203552e+01 8.445293109032760981e+00
3.492137334955365713e+00 1.812104788076771200e+01 8.456935244292159481e+00
3.501380245318798767e+00 1.807585865180669060e+01 8.468555272345399842e+00
3.510627380406419196e+00 1.803086903395192664e+01 8.480153173368091046e+00
3.519878744787584335e+00 1.798607780617941998e+01 8.491728928010187971e+00
3.529134343009630914e+00 1.794148375665730910e+01 8.503282517392877438e+00
3.538394179597821765e+00 1.789708568267249689e+01 8.514813923103726978e+00
3.547658259055292973e+00 1.785288239054711568e+01 8.526323127194679330e+00
3.556926585863007251e+00 1.780887269556587782e+01 8.537810112177432131e+00
3.566199164479710859e+00 1.776505542189646647e+01 8.549274861020847993e+00
3.575475999341884314e+00 1.772142940251637100e+01 8.560717357146868878e+00
3.584757094863705085e+00 1.767799347913646457e+01 8.572137584427505175e+00
3.594042455437011174e+00 1.763474650212738482e+01 8.583535527181297198e+00
3.603332085431258047e+00 1.759168733044564803e+01 8.594911170170050241e+00
3.612625989193491538e+00 1.754881483156015065e+01 8.606264498595647794e+00
3.621924171048310992e+00 1.750612788138051812e+01 8.617595498096608964e+00
3.631226635297840843e+00 1.746362536418430977e+01 8.628904154745146826e+00
3.640533386221704859e+00 1.742130617254872504e+01 8.640190455043187612e+00
3.649844428076997715e+00 1.737916920727643344e+01 8.651454385920214207e+00
3.659159765098260575e+00 1.733721337732625400e+01 8.662695934729955027e+00
3.668479401497464210e+00 1.729543759974755446e+01 8.673915089246317933e+00
3.677803341463983244e+00 1.725384079960891626e+01 8.685111837661025902e+00
3.687131589164581502e+00 1.721242190992974130e+01 8.696286168580648734e+00
3.696464148743396905e+00 1.717117987161255144e+01 8.707438071023673842e+00
3.705801024321923265e+00 1.713011363337947301e+01 8.718567534416600040e+00
3.715142219999000961e+00 1.708922215170400705e+01 8.729674548591514593e+00
3.724487739850807166e+00 1.704850439074112600e+01 8.740759103784306205e+00
3.733837587930842528e+00 1.700795932227263663e+01 8.751821190628904290e+00
3.743191768269926278e+00 1.696758592563478629e+01 8.762860800156548891e+00
3.752550284876193132e+00 1.692738318765303518e+01 8.773877923793291345e+00
3.761913141735083510e+00 1.688735010258567826e+01 8.784872553355240754e+00
3.771280342809344432e+00 1.684748567205748770e+01 8.795844681046729008e+00
3.780651892039030404e+00 1.680778890499562550e+01 8.806794299458065467e+00
3.790027793341498530e+00 1.676825881757295633e+01 8.817721401561346539e+00
3.799408050611414289e+00 1.672889443314321412e+01 8.828625980708782350e+00
3.808792667720755531e+00 1.668969478218047442e+01 8.839508030629959379e+00
3.818181648518813365e+00 1.665065890222330580e+01 8.850367545427987537e+00
3.827574996832201926e+00 1.661178583780968765e+01 8.861204519578365080e+00
3.836972716464865485e+00 1.657307464042354894e+01 8.872018947924834364e+00
3.846374811198085997e+00 1.653452436843270235e+01 8.882810825677729838e+00
3.855781284790492425e+00 1.649613408703316964e+01 8.893580148410777042e+00
3.865192140978077173e+00 1.645790286819114812e+01 8.904326912058674992e+00
3.874607383474202749e+00 1.641982979058547798e+01 8.915051112914724740e+00
3.884027015969617747e+00 1.638191393955404607e+01 8.925752747627514694e+00
3.893451042132475948e+00 1.634415440703494937e+01 8.936431813199227747e+00
3.902879465608345644e+00 1.630655029151362356e+01 8.947088306982429629e+00
3.912312290020231842e+00 1.626910069796788605e+01 8.957722226677654831e+00
3.921749518968595805e+00 1.623180473781042465e+01 8.968333570331786575e+00
3.931191156031369704e+00 1.619466152884121968e+01 8.978922336333866383e+00
3.940637204763981050e+00 1.615767019518872871e+01 8.989488523414182808e+00
3.950087668699376220e+00 1.612082986725969391e+01 9.000032130641116623e+00
3.959542551348038231e+00 1.608413968168842345e+01 9.010553157418245362e+00
3.969001856198013822e+00 1.604759878128022876e+01 9.021051603483295267e+00
3.978465586714939661e+00 1.601120631496467439e+01 9.031527468904442912e+00
3.987933746342064989e+00 1.597496143774296584e+01 9.041980754078414506e+00
3.997406338500278267e+00 1.593886331063662354e+01 9.052411459728398668e+00
4.006883366588139594e+00 1.590291110064028146e+01 9.062819586900923596e+00
4.016364833981906024e+00 1.586710398066856698e+01 9.073205136964539008e+00
4.025850744035556872e+00 1.583144112951052307e+01 9.083568111606521001e+00
4.035341100080834131e+00 1.579592173178031622e+01 9.093908512830765289e+00
4.044835905427264677e+00 1.576054497786357622e+01 9.104226342957112195e+00
4.054335163362197569e+00 1.572531006388013353e+01 9.114521604616026451e+00
4.063838877150833362e+00 1.569021619162783665e+01 9.124794300748925835e+00
4.073347050036262296e+00 1.565526256853890885e+01 9.135044434605035235e+00
4.082859685239492720e+00 1.562044840763451958e+01 9.145272009738834029e+00
4.092376785959491947e+00 1.558577292747645870e+01 9.155477030008547956e+00
4.101898355373221783e+00 1.555123535212420549e+01 9.165659499573171942e+00
4.111424396635667833e+00 1.551683491108745727e+01 9.175819422890951316e+00
4.120954912879889243e+00 1.548257083928120714e+01 9.185956804717267943e+00
4.130489907217046230e+00 1.544844237698309719e+01 9.196071650101989903e+00
4.140029382736442720e+00 1.541444876979017486e+01 9.206163964387096499e+00
4.149573342505568974e+00 1.538058926857265796e+01 9.216233753205376189e+00
4.159121789570136229e+00 1.534686312943197350e+01 9.226281022477927252e+00
4.168674726954121112e+00 1.531326961365784811e+01 9.236305778412125633e+00
4.178232157659805601e+00 1.527980798768530413e+01 9.246308027499702931e+00
4.187794084667820549e+00 1.524647752305433457e+01 9.256287776514174226e+00
4.197360510937184763e+00 1.521327749636922455e+01 9.266245032508509283e+00
4.206931439405354745e+00 1.518020718925108703e+01 9.276179802814938924e+00
4.216506872988261101e+00 1.514726588830472664e+01 9.286092095040597627e+00
4.226086814580356510e+00 1.511445288507304241e+01 9.295981917067029698e+00
4.235671267054661904e+00 1.508176747599900125e+01 9.305849277047547830e+00
4.245260233262809990e+00 1.504920896238525430e+01 9.315694183405428319e+00
4.254853716035089661e+00 1.501677665035374076e+01 9.325516644832202218e+00
4.264451718180495732e+00 1.498446985080933125e+01 9.335316670284878882e+00
4.274054242486774235e+00 1.495228787939878679e+01 9.345094268984675878e+00
4.283661291720470388e+00 1.492023005647358858e+01 9.354849450414732814e+00
4.293272868626975658e+00 1.488829570705006589e+01 9.364582224318702686e+00
4.302888975930575732e+00 1.485648416077119727e+01 9.374292600699019928e+00
4.312509616334501139e+00 1.482479475187644979e+01 9.383980589812781048e+00
4.322134792520976987e+00 1.479322681915541793e+01 9.393646202172689641e+00
4.331764507151268262e+00 1.476177970591472643e+01 9.403289448544098761e+00
4.341398762865732230e+00 1.473045275994432401e+01 9.412910339942300197e+00
4.351037562283874394e+00 1.469924533347671414e+01 9.422508887632131902e+00
4.360680908004389345e+00 1.466815678315579241e+01 9.432085103124709491e+00
4.370328802605219387e+00 1.463718646999864781e+01 9.441638998176461683e+00
4.379981248643604275e+00 1.460633375935896261e+01 9.451170584787769613e+00
4.389638248656131836e+00 1.457559802089759415e+01 9.460679875199490496e+00
4.399299805158791266e+00 1.454497862854470291e+01 9.470166881892213340e+00
4.408965920647027303e+00 1.451447496046372443e+01 9.479631617585042136e+00
4.418636597595791748e+00 1.448408639902155848e+01 9.489074095232545858e+00
4.428311838459594085e+00 1.445381233075374539e+01 9.498494328023411981e+00
4.437991645672564545e+00 1.442365214632750536e+01 9.507892329379789231e+00
4.447676021648494959e+00 1.439360524051546086e+01 9.517268112953509274e+00
4.457364968780903602e+00 1.436367101215825492e+01 9.526621692625758087e+00
4.467058489443085811e+00 1.433384886413395876e+01 9.535953082504843081e+00
4.476756585988169057e+00 1.430413820332456609e+01 9.545262296924864387e+00
4.486459260749166233e+00 1.427453844058576138e+01 9.554549350443545919e+00
4.496166516039036942e+00 1.424504899071617103e+01 9.563814257840281385e+00
4.505878354150736342e+00 1.421566927242172262e+01 9.573057034115800334e+00
4.515594777357275547e+00 1.418639870829043304e+01 9.582277694488711361e+00
4.525315787911775800e+00 1.415723672475909822e+01 9.591476254394628143e+00
4.535041388047527100e+00 1.412818275208249119e+01 9.600652729484634662e+00
4.544771579978041487e+00 1.409923622430301116e+01 9.609807135623690044e+00
4.554506365897114328e+00 1.407039657922368825e+01 9.618939488888070599e+00
4.564245747978875833e+00 1.404166325837316975e+01 9.628049805565440877e+00
4.573989728377855890e+00 1.401303570698290812e+01 9.637138102151149965e+00
4.583738309229033803e+00 1.398451337395362515e+01 9.646204395348018323e+00
4.593491492647902241e+00 1.395609571182592212e+01 9.655248702064914923e+00
4.603249280730519644e+00 1.392778217675855501e+01 9.664271039412952291e+00
4.613011675553575053e+00 1.389957222848944696e+01 9.673271424707291288e+00
4.622778679174441407e+00 1.387146533031786255e+01 9.682249875462298760e+00
4.632550293631232385e+00 1.384346094907107450e+01 9.691206409391714516e+00
4.642326520942870793e+00 1.381555855507419572e+01 9.700141044407896374e+00
4.652107363109132976e+00 1.378775762213088285e+01 9.709053798617713227e+00
4.661892822110720758e+00 1.376005762749117700e+01 9.717944690322582346e+00
4.671682899909313846e+00 1.373245805182411061e+01 9.726813738017106914e+00
4.681477598447632005e+00 1.370495837919458992e+01 9.735660960386413265e+00
4.691276919649488342e+00 1.367755809703206538e+01 9.744486376306195297e+00
4.701080865419860366e+00 1.365025669610750647e+01 9.753290004840200922e+00
4.710889437644938837e+00 1.362305367050947602e+01 9.762071865238064916e+00
4.720702638192191714e+00 1.359594851761569601e+01 9.770831976934664098e+00
4.730520468910425436e+00 1.356894073806597234e+01 9.779570359549181191e+00
4.740342931629842660e+00 1.354202983574076846e+01 9.788287032882307059e+00
4.750170028162102653e+00 1.351521531773452978e+01 9.796982016915368519e+00
4.760001760300386131e+00 1.348849669433108822e+01 9.805655331808702968e+00
4.769838129819446770e+00 1.346187347897782693e+01 9.814306997900649421e+00
4.779679138475676936e+00 1.343534518826153423e+01 9.822937035705987086e+00
4.789524788007172518e+00 1.340891134188792400e+01 9.831545465913272608e+00
4.799375080133783555e+00 1.338257146265435793e+01 9.840132309384495457e+00
4.809230016557183518e+00 1.335632507642350575e+01 9.848697587154461530e+00
4.819089598960925258e+00 1.333017171210837759e+01 9.857241320426572528e+00
4.828953829010504073e+00 1.330411090163769039e+01 9.865763530575089035e+00
4.838822708353417212e+00 1.327814217994301771e+01 9.874264239140360999e+00
4.848696238619226051e+00 1.325226508492947097e+01 9.882743467829476103e+00
4.858574421419614708e+00 1.322647915745523228e+01 9.891201238514140570e+00
4.868457258348457550e+00 1.320078394131024879e+01 9.899637573228869059e+00
4.878344750981871591e+00 1.317517898319202274e+01 9.908052494170206614e+00
4.888236900878282221e+00 1.314966383268334127e+01 9.916446023695382195e+00
4.898133709578487149e+00 1.312423804223120349e+01 9.924818184320640668e+00
4.908035178605709703e+00 1.309890116712524488e+01 9.933168998719818177e+00
4.917941309465668098e+00 1.307365276547468902e+01 9.941498489723466392e+00
4.927852103646634063e+00 1.304849239818950046e+01 9.949806680316628515e+00
4.937767562619491457e+00 1.302341962895902050e+01 9.958093593637579843e+00
4.947687687837801107e+00 1.299843402422749428e+01 9.966359252977591510e+00
4.957612480737861205e+00 1.297353515317577255e+01 9.974603681778773989e+00
4.967541942738767702e+00 1.294872258770050522e+01 9.982826903632773252e+00
4.977476075242476483e+00 1.292399590239516982e+01 9.991028942278978420e+00
4.987414879633865539e+00 1.289935467452668050e+01 9.999209821604175374e+00
4.997358357280794472e+00 1.287479848401645199e+01 1.000736956564089475e+01
5.007306509534167560e+00 1.285032691342354383e+01 1.001550819856504226e+01
5.017259337727995927e+00 1.282593954791859758e+01 1.002362574469667500e+01
5.027216843179454386e+00 1.280163597526991381e+01 1.003172222849683415e+01
5.037179027188949831e+00 1.277741578582290138e+01 1.003979767456663552e+01
5.047145891040177190e+00 1.275327857247619434e+01 1.004785210764749515e+01
5.057117436000182487e+00 1.272922393066943592e+01 1.005588555261755879e+01
5.067093663319425012e+00 1.270525145836037773e+01 1.006389803449176412e+01
5.077074574231837722e+00 1.268136075600597046e+01 1.007188957842059551e+01
5.087060169954889410e+00 1.265755142654644594e+01 1.007986020968795593e+01
5.097050451689643324e+00 1.263382307538233640e+01 1.008780995371137834e+01
5.107045420620823784e+00 1.261017531036136319e+01 1.009573883603906630e+01
5.117045077916872131e+00 1.258660774175609376e+01 1.010364688235006447e+01
5.127049424730010685e+00 1.256311998224678028e+01 1.011153411845272743e+01
5.137058462196304021e+00 1.253971164690863382e+01 1.011940057028177087e+01
5.147072191435719368e+00 1.251638235318535841e+01 1.012724626390000005e+01
5.157090613552184344e+00 1.249313172087797952e+01 1.013507122549496131e+01
5.167113729633657115e+00 1.246995937212638417e+01 1.014287548137807526e+01
5.177141540752178805e+00 1.244686493138952166e+01 1.015065905798428858e+01
5.187174047963937440e+00 1.242384802543032762e+01 1.015842198187020884e+01
5.197211252309329232e+00 1.240090828329985939e+01 1.016616427971251824e+01
5.207253154813018980e+00 1.237804533631912918e+01 1.017388597830726482e+01
5.217299756484001350e+00 1.235525881806145065e+01 1.018158710456900806e+01
5.227351058315663046e+00 1.233254836433667556e+01 1.018926768552936046e+01
5.237407061285838772e+00 1.230991361317590460e+01 1.019692774833547233e+01
5.247467766356875174e+00 1.228735420481510054e+01 1.020456732024889490e+01
5.257533174475694793e+00 1.226486978167589825e+01 1.021218642864546489e+01
5.267603286573851129e+00 1.224245998835338689e+01 1.021978510101287618e+01
5.277678103567587264e+00 1.222012447160068938e+01 1.022736336494939913e+01
5.287757626357906915e+00 1.219786288030760524e+01 1.023492124816461413e+01
5.297841855830622393e+00 1.217567486549250511e+01 1.024245877847577368e+01
5.307930792856422109e+00 1.215356008028181201e+01 1.024997598380839037e+01
5.318024438290930966e+00 1.213151817989402304e+01 1.025747289219529890e+01
5.328122792974766320e+00 1.210954882162931590e+01 1.026494953177393832e+01
5.338225857733599256e+00 1.208765166485233067e+01 1.027240593078595765e+01
5.348333633378217655e+00 1.206582637097342214e+01 1.027984211757739175e+01
5.358446120704582150e+00 1.204407260344031627e+01 1.028725812059535727e+01
5.368563320493888291e+00 1.202239002771873544e+01 1.029465396838855007e+01
5.378685233512627839e+00 1.200077831127859618e+01 1.030202968960590049e+01
5.388811860512641161e+00 1.197923712358200810e+01 1.030938531299461403e+01
5.398943202231185623e+00 1.195776613606460259e+01 1.031672086740061545e+01
5.409079259390989769e+00 1.193636502212657469e+01 1.032403638176564264e+01
5.419220032700315492e+00 1.191503345711510775e+01 1.033133188512737988e+01
5.429365522853011328e+00 1.189377111831114853e+01 1.033860740661811839e+01
5.439515730528583504e+00 1.187257768491434717e+01 1.034586297546412759e+01
5.449670656392240353e+00 1.185145283803197458e+01 1.035309862098366196e+01
5.459830301094961591e+00 1.183039626066300265e+01 1.036031437258671417e+01
5.469994665273555157e+00 1.180940763768611745e+01 1.036751025977342167e+01
5.480163749550713170e+00 1.178848665584675892e+01 1.037468631213290138e+01
5.490337554535072329e+00 1.176763300373993282e+01 1.038184255934350553e+01
5.500516080821275189e+00 1.174684637180154034e+01 1.038897903117027255e+01
5.510699328990023460e+00 1.172612645229304462e+01 1.039609575746466952e+01
5.520887299608136622e+00 1.170547293928947674e+01 1.040319276816323324e+01
5.531079993228618541e+00 1.168488552866621610e+01 1.041027009328666608e+01
5.541277410390703650e+00 1.166436391808425554e+01 1.041732776293951090e+01
5.551479551619924457e+00 1.164390780698228411e+01 1.042436580730752027e+01
5.561686417428163942e+00 1.162351689655843501e+01 1.043138425665861213e+01
5.571898008313716844e+00 1.160319088976358692e+01 1.043838314133990153e+01
5.582114324761342949e+00 1.158292949128389715e+01 1.044536249177845200e+01
5.592335367242331046e+00 1.156273240753007592e+01 1.045232233847979408e+01
5.602561136214551318e+00 1.154259934662672649e+01 1.045926271202641722e+01
5.612791632122511309e+00 1.152253001840148627e+01 1.046618364307636995e+01
5.623026855397421642e+00 1.150252413436805554e+01 1.047308516236405218e+01
5.633266806457243092e+00 1.148258140771945612e+01 1.047996730069746896e+01
5.643511485706749653e+00 1.146270155331255935e+01 1.048683008895854130e+01
5.653760893537585375e+00 1.144288428765765353e+01 1.049367355810174729e+01
5.664015030328317657e+00 1.142312932890857802e+01 1.050049773915256957e+01
5.674273896444494092e+00 1.140343639685014310e+01 1.050730266320693396e+01
5.684537492238704637e+00 1.138380521288512703e+01 1.051408836143083647e+01
5.694805818050631352e+00 1.136423550002368899e+01 1.052085486505914957e+01
5.705078874207108797e+00 1.134472698287689951e+01 1.052760220539306957e+01
5.715356661022178208e+00 1.132527938763618636e+01 1.053433041380246138e+01
5.725639178797144346e+00 1.130589244207033950e+01 1.054103952172212999e+01
5.735926427820629669e+00 1.128656587551220980e+01 1.054772956065176892e+01
5.746218408368634734e+00 1.126729941884555686e+01 1.055440056215581102e+01
5.756515120704586153e+00 1.124809280449919946e+01 1.056105255786084918e+01
5.766816565079399659e+00 1.122894576643177977e+01 1.056768557945629361e+01
5.777122741731532507e+00 1.120985804012236642e+01 1.057429965869308219e+01
5.787433650887037651e+00 1.119082936256037186e+01 1.058089482738262888e+01
5.797749292759618811e+00 1.117185947223630293e+01 1.058747111739554114e+01
5.808069667550688209e+00 1.115294810912985568e+01 1.059402856066128251e+01
5.818394775449418965e+00 1.113409501469913465e+01 1.060056718916746199e+01
5.828724616632799282e+00 1.111529993187259535e+01 1.060708703495826200e+01
5.839059191265691062e+00 1.109656260503694725e+01 1.061358813013422697e+01
5.849398499500877868e+00 1.107788278002900739e+01 1.062007050685078902e+01
5.859742541479124434e+00 1.105926020412497657e+01 1.062653419731764970e+01
5.870091317329230840e+00 1.104069462602740792e+01 1.063297923379906784e+01
5.880444827168082256e+00 1.102218579586113556e+01 1.063940564861100135e+01
5.890803071100706667e+00 1.100373346516132855e+01 1.064581347412105750e+01
5.901166049220326393e+00 1.098533738686049865e+01 1.065220274274881618e+01
5.911533761608416704e+00 1.096699731528599742e+01 1.065857348696257212e+01
5.921906208334747568e+00 1.094871300614104115e+01 1.066492573928175247e+01
5.932283389457452927e+00 1.093048421650516389e+01 1.067125953227274238e+01
5.942665305023071554e+00 1.091231070482033338e+01 1.067757489854959552e+01
5.953051955066603007e+00 1.089419223087559807e+01 1.068387187077535927e+01
5.963443339611564475e+00 1.087612855581140181e+01 1.069015048165657156e+01
5.973839458670040514e+00 1.085811944210198909e+01 1.069641076394541557e+01
5.984240312242731896e+00 1.084016465354379832e+01 1.070265275043978193e+01
5.994645900319019560e+00 1.082226395525293583e+01 1.070887647398027198e+01
6.005056222877003691e+00 1.080441711365343593e+01 1.071508196745036656e+01
6.015471279883560562e+00 1.078662389646703268e+01 1.072126926377614531e+01
6.025891071294401158e+00 1.076888407270776860e+01 1.072743839592430604e+01
6.036315597054115578e+00 1.075119741267234730e+01 1.073358939690175617e+01
6.046744857096223669e+00 1.073356368792758708e+01 1.073972229975616877e+01
6.057178851343232751e+00 1.071598267130751658e+01 1.074583713757328240e+01
6.067617579706687359e+00 1.069845413690164371e+01 1.075193394347721387e+01
6.078061042087214538e+00 1.068097786004561733e+01 1.075801275063008156e+01
6.088509238374584243e+00 1.066355361731797480e+01 1.076407359222941196e+01
6.098962168447754628e+00 1.064618118652663981e+01 1.077011650150924993e+01
6.109419832174922682e+00 1.062886034670089153e+01 1.077614151173929002e+01
6.119882229413577512e+00 1.061159087808584722e+01 1.078214865622327601e+01
6.130349360010550974e+00 1.059437256213605139e+01 1.078813796829762062e+01
6.140821223802062967e+00 1.057720518150099842e+01 1.079410948133292614e+01
6.151297820613780054e+00 1.056008852002153553e+01 1.080006322873174796e+01
6.161779150260860760e+00 1.054302236272408777e+01 1.080599924392710420e+01
6.172265212548000868e+00 1.052600649580510073e+01 1.081191756038444396e+01
6.182756007269493814e+00 1.050904070663239764e+01 1.081781821159773571e+01
6.193251534209275100e+00 1.049212478373343416e+01 1.082370123109016724e+01
6.203751793140965809e+00 1.047525851678394737e+01 1.082956665241469807e+01
6.214256783827933006e+00 1.045844169660547784e+01 1.083541450915157256e+01
6.224766506023332369e+00 1.044167411515819310e+01 1.084124483490750279e+01
6.235280959470156148e+00 1.042495556552756852e+01 1.084705766331697063e+01
6.245800143901288237e+00 1.040828584192396278e+01 1.085285302803910135e+01
6.256324059039547691e+00 1.039166473967197746e+01 1.085863096275814321e+01
6.266852704597735801e+00 1.037509205520014000e+01 1.086439150118375885e+01
6.277386080278692049e+00 1.035856758603974015e+01 1.087013467704827718e+01
6.287924185775336738e+00 1.034209113081439746e+01 1.087586052410710735e+01
6.298467020770718072e+00 1.032566248922969976e+01 1.088156907613918634e+01
6.309014584938062775e+00 1.030928146207365792e+01 1.088726036694368737e+01
6.319566877940828498e+00 1.029294785120598377e+01 1.089293443034062037e+01
6.330123899432738455e+00 1.027666145954672494e+01 1.089859130017170941e+01
6.340685649057842710e+00 1.026042209107428071e+01 1.090423101029798758e+01
6.351252126450560809e+00 1.024422955081930198e+01 1.090985359459888393e+01
6.361823331235721746e+00 1.022808364485448784e+01 1.091545908697275280e+01
6.372399263028624361e+00 1.021198418029187849e+01 1.092104752133478840e+01
6.382979921435073756e+00 1.019593096526993925e+01 1.092661893161855602e+01
6.393565306051431030e+00 1.017992380895155868e+01 1.093217335177371652e+01
6.404155416464663020e+00 1.016396252151777979e+01 1.093771081576525894e+01
6.414750252252384932e+00 1.014804691416095217e+01 1.094323135757298537e+01
6.425349812982904751e+00 1.013217679907250002e+01 1.094873501119284853e+01
6.435954098215279195e+00 1.011635198944512304e+01 1.095422181063332800e+01
6.446563107499350131e+00 1.010057229946164270e+01 1.095969178991641790e+01
6.457176840375788984e+00 1.008483754428680435e+01 1.096514498307769969e+01
6.467795296376153580e+00 1.006914754006591295e+01 1.097058142416395121e+01
6.478418475022924561e+00 1.005350210391608101e+01 1.097600114723342735e+01
6.489046375829549795e+00 1.003790105391878207e+01 1.098140418635566462e+01
6.499678998300497668e+00 1.002234420911459800e+01 1.098679057561055927e+01
6.510316341931296158e+00 1.000683138949921158e+01 1.099216034908701900e+01
6.520958406208576363e+00 9.991362416011565273e+00 1.099751354088438404e+01
6.531605190610124012e+00 9.975937110534646379e+00 1.100285018510944646e+01
6.542256694604917655e+00 9.960555295888630312e+00 1.100817031587616768e+01
6.552912917653173963e+00 9.945216795817646727e+00 1.101347396730762718e+01
6.563573859206398353e+00 9.929921434991657136e+00 1.101876117353271667e+01
6.574239518707420515e+00 9.914669038998169981e+00 1.102403196868643498e+01
6.584909895590442375e+00 9.899459434333497398e+00 1.102928638691030550e+01
6.595584989281081612e+00 9.884292448403087405e+00 1.103452446234969919e+01
6.606264799196420512e+00 9.869167909511315173e+00 1.103974622915481518e+01
6.616949324745035277e+00 9.854085646855160974e+00 1.104495172148033255e+01
6.627638565327057307e+00 9.839045490520645032e+00 1.105014097348414559e+01
6.638332520334204290e+00 9.824047271478098864e+00 1.105531401932648095e+01
6.649031189149824606e+00 9.809090821573525076e+00 1.106047089317045007e+01
6.659734571148945292e+00 9.794175973525668155e+00 1.106561162918054464e+01
6.670442665698312901e+00 9.779302560919354903e+00 1.107073626152255841e+01
6.681155472156431685e+00 9.764470418199069357e+00 1.107584482436335094e+01
6.691872989873611566e+00 9.749679380666131934e+00 1.108093735186943540e+01
6.702595218192009874e+00 9.734929284473270883e+00 1.108601387820644923e+01
6.713322156445665989e+00 9.720219966613289131e+00 1.109107443754073330e+01
6.724053803960555520e+00 9.705551264923430566e+00 1.109611906403543102e+01
6.734790160054625829e+00 9.690923018072632900e+00 1.110114779185259870e+01
6.745531224037832452e+00 9.676335065557228887e+00 1.110616065515233331e+01
6.756276995212191494e+00 9.661787247699782810e+00 1.111115768809091087e+01
6.767027472871814275e+00 9.647279405642438022e+00 1.111613892482077759e+01
6.777782656302947295e+00 9.632811381337171852e+00 1.112110439949165297e+01
6.788542544784017529e+00 9.618383017546603853e+00 1.112605414624800559e+01
6.799307137585675065e+00 9.603994157837774992e+00 1.113098819922896077e+01
6.810076433970822407e+00 9.589644646571354514e+00 1.113590659256980331e+01
6.820850433194671325e+00 9.575334328907867842e+00 1.114080936039764502e+01
6.831629134504773049e+00 9.561063050793315199e+00 1.114569653683419581e+01
6.842412537141056461e+00 9.546830658956098503e+00 1.115056815599464102e+01
6.853200640335878724e+00 9.532637000904641056e+00 1.115542425198632159e+01
6.863993443314055476e+00 9.518481924921816884e+00 1.116026485890852094e+01
6.874790945292904354e+00 9.504365280057649912e+00 1.116509001085285213e+01
6.885593145482284960e+00 9.490286916129164752e+00 1.116989974190120449e+01
6.896400043084642384e+00 9.476246683712776786e+00 1.117469408612629778e+01
6.907211637295034734e+00 9.462244434136785287e+00 1.117947307759214937e+01
6.918027927301185542e+00 9.448280019483757286e+00 1.118423675035125342e+01
6.928848912283516626e+00 9.434353292579874761e+00 1.118898513844614584e+01
6.939674591415186278e+00 9.420464106992463726e+00 1.119371827590826562e+01
6.950504963862131014e+00 9.406612317027500225e+00 1.119843619675679847e+01
6.961340028783105538e+00 9.392797777720533148e+00 1.120313893499976388e+01
6.972179785329709389e+00 9.379020344834628986e+00 1.120782652463279483e+01
6.983024232646445562e+00 9.365279874859014697e+00 1.121249899963759233e+01
6.993873369870742707e+00 9.351576225000094666e+00 1.121715639398308717e+01
7.004727196132995992e+00 9.337909253176066571e+00 1.122179874162531199e+01
7.015585710556609733e+00 9.324278818019719139e+00 1.122642607650457158e+01
7.026448912258034696e+00 9.310684778867230449e+00 1.123103843254732936e+01
7.037316800346799184e+00 9.297126995754545931e+00 1.123563584366557677e+01
7.048189373925553447e+00 9.283605329417859764e+00 1.124021834375478868e+01
7.059066632090106985e+00 9.270119641285264223e+00 1.124478596669491814e+01
7.069948573929457858e+00 9.256669793471862917e+00 1.124933874635020281e+01
7.080835198525837981e+00 9.243255648780285938e+00 1.125387671656717004e+01
7.091726504954749544e+00 9.229877070690806207e+00 1.125839991117619476e+01
7.102622492284993427e+00 9.216533923360906044e+00 1.126290836398981554e+01
7.113523159578718058e+00 9.203226071620484561e+00 1.126740210880259241e+01
7.124428505891447827e+00 9.189953380969441810e+00 1.127188117939017076e+01
7.135338530272116842e+00 9.176715717567306640e+00 1.127634560951100084e+01
7.146253231763114222e+00 9.163512948237205080e+00 1.128079543290328068e+01
7.157172609400316077e+00 9.150344940459190113e+00 1.128523068328546941e+01
7.168096662213113923e+00 9.137211562361322592e+00 1.128965139435757870e+01
7.179025389224464426e+00 9.124112682723993117e+00 1.129405759979802681e+01
7.189958789450915155e+00 9.111048170970725835e+00 1.129844933326503131e+01
7.200896861902638335e+00 9.098017897164643486e+00 1.130282662839614538e+01
7.211839605583475254e+00 9.085021732006566708e+00 1.130718951880721512e+01
7.222787019490967353e+00 9.072059546830203658e+00 1.131153803809236180e+01
7.233739102616383754e+00 9.059131213596737453e+00 1.131587221982415770e+01
7.244695853944768338e+00 9.046236604897194056e+00 1.132019209755120492e+01
7.255657272454969053e+00 9.033375593939634740e+00 1.132449770480083906e+01
7.266623357119667226e+00 9.020548054549657024e+00 1.132878907507733679e+01
7.277594106905420190e+00 9.007753861171506671e+00 1.133306624185997791e+01
7.288569520772694155e+00 8.994992888857973767e+00 1.133732923860485187e+01
7.299549597675891732e+00 8.982265013267086928e+00 1.134157809874439060e+01
7.310534336563395463e+00 8.969570110662008489e+00 1.134581285568586928e+01
7.321523736377594460e+00 8.956908057907417842e+00 1.135003354281106525e+01
7.332517796054919046e+00 8.944278732459929770e+00 1.135424019347794911e+01
7.343516514525879835e+00 8.931682012371833679e+00 1.135843284101791006e+01
7.354519890715096153e+00 8.919117776285661492e+00 1.136261151873606678e+01
7.365527923541327127e+00 8.906585903426295303e+00 1.136677625991241491e+01
7.376540611917511647e+00 8.894086273604091986e+00 1.137092709779930289e+01
7.387557954750797684e+00 8.881618767207976717e+00 1.137506406562227212e+01
7.398579950942572481e+00 8.869183265198914867e+00 1.137918719658075517e+01
7.409606599388501635e+00 8.856779649114297825e+00 1.138329652384519797e+01
7.420637898978557523e+00 8.844407801060182095e+00 1.138739208055818963e+01
7.431673848597049492e+00 8.832067603704260250e+00 1.139147389983537906e+01
7.442714447122662946e+00 8.819758940278395798e+00 1.139554201476321893e+01
7.453759693428487765e+00 8.807481694575901798e+00 1.139959645839848257e+01
7.464809586382045836e+00 8.795235750940301855e+00 1.140363726377057674e+01
7.475864124845331915e+00 8.783020994271861781e+00 1.140766446387803157e+01
7.486923307674842043e+00 8.770837310019437894e+00 1.141167809168979907e+01
7.497987133721598418e+00 8.758684584175151500e+00 1.141567818014567237e+01
7.509055601831191140e+00 8.746562703276063999e+00 1.141966476215440629e+01
7.520128710843805742e+00 8.734471554398849591e+00 1.142363787059410463e+01
7.531206459594248059e+00 8.722411025154857001e+00 1.142759753831254343e+01
7.542288846911988642e+00 8.710381003692075907e+00 1.143154379812522059e+01
7.553375871621182291e+00 8.698381378685441589e+00 1.143547668281722984e+01
7.564467532540700923e+00 8.686412039336738999e+00 1.143939622514199961e+01
7.575563828484168205e+00 8.674472875375117908e+00 1.144330245781984878e+01
7.586664758259990649e+00 8.662563777050149127e+00 1.144719541353899572e+01
7.597770320671380695e+00 8.650684635125864830e+00 1.145107512495625102e+01
7.608880514516392246e+00 8.638835340885735903e+00 1.145494162469412380e+01
7.619995338587956191e+00 8.627015786123765295e+00 1.145879494534251464e+01
7.631114791673894615e+00 8.615225863140963725e+00 1.146263511945862490e+01
7.642238872556968765e+00 8.603465464747101166e+00 1.146646217956516622e+01
7.653367580014899474e+00 8.591734484257447235e+00 1.147027615815022372e+01
7.664500912820394696e+00 8.580032815482308450e+00 1.147407708766944445e+01
7.675638869741182369e+00 8.568360352732886653e+00 1.147786500054296255e+01
7.686781449540046829e+00 8.556716990816060076e+00 1.148163992915590015e+01
7.697928650974841247e+00 8.545102625026357757e+00 1.148540190585980092e+01
7.709080472798532035e+00 8.533517151150910252e+00 1.148915096296988381e+01
7.720236913759222830e+00 8.521960465465479473e+00 1.149288713276514784e+01
7.731397972600180246e+00 8.510432464723056256e+00 1.149661044749094962e+01
7.742563648059865855e+00 8.498933046161425864e+00 1.150032093935540090e+01
7.753733938871968157e+00 8.487462107496671848e+00 1.150401864053035972e+01
7.764908843765418567e+00 8.476019546916482739e+00 1.150770358315245900e+01
7.776088361464435827e+00 8.464605263086216524e+00 1.151137579932006716e+01
7.787272490688546434e+00 8.453219155139120033e+00 1.151503532109532379e+01
7.798461230152605950e+00 8.441861122673948614e+00 1.151868218050383419e+01
7.809654578566840755e+00 8.430531065756241560e+00 1.152231640953316116e+01
7.820852534636869358e+00 8.419228884912314470e+00 1.152593804013370082e+01
7.832055097063722826e+00 8.407954481128296464e+00 1.152954710421791873e+01
7.843262264543887419e+00 8.396707755848652255e+00 1.153314363365979389e+01
7.854474035769321461e+00 8.385488610969673573e+00 1.153672766029582952e+01
7.865690409427481988e+00 8.374296948839429433e+00 1.154029921592405117e+01
7.876911384201358501e+00 8.363132672256035960e+00 1.154385833230353242e+01
7.888136958769499607e+00 8.351995684466469783e+00 1.154740504115374300e+01
7.899367131806029896e+00 8.340885889156346877e+00 1.155093937415682248e+01
7.910601901980689021e+00 8.329803190457331752e+00 1.155446136295419457e+01
7.921841267958854793e+00 8.318747492940213206e+00 1.155797103914779633e+01
7.933085228401563604e+00 8.307718701608363787e+00 1.156146843430116178e+01
7.944333781965545960e+00 8.296716721902644309e+00 1.156495357993688344e+01
7.955586927303248679e+00 8.285741459696232880e+00 1.156842650753730517e+01
7.966844663062857101e+00 8.274792821290020584e+00 1.157188724854498929e+01
7.978106987888328838e+00 8.263870713412105218e+00 1.157533583436196167e+01
7.989373900419417751e+00 8.252975043215949214e+00 1.157877229634931382e+01
8.000645399291691717e+00 8.242105718276087956e+00 1.158219666582765761e+01
8.011921483136571709e+00 8.231262646587142129e+00 1.158560897407647161e+01
8.023202150581349557e+00 8.220445736564132133e+00 1.158900925233310808e+01
8.034487400249208378e+00 8.209654897032379495e+00 1.159239753179505605e+01
8.045777230759263432e+00 8.198890037233235617e+00 1.159577384361721464e+01
8.057071640726574557e+00 8.188151066819596480e+00 1.159913821891242414e+01
8.068370628762167485e+00 8.177437895848628457e+00 1.160249068875286049e+01
8.079674193473078248e+00 8.166750434786871793e+00 1.160583128416754128e+01
8.090982333462360288e+00 8.156088594506670120e+00 1.160916003614255843e+01
8.102295047329114652e+00 8.145452286276551490e+00 1.161247697562325065e+01
8.113612333668516641e+00 8.134841421768216563e+00 1.161578213351113398e+01
8.124934191071840672e+00 8.124255913050108191e+00 1.161907554066506165e+01
8.136260618126476274e+00 8.113695672583924434e+00 1.162235722790146752e+01
8.147591613415967160e+00 8.103160613227105458e+00 1.162562722599274423e+01
8.158927175520025443e+00 8.092650648225998111e+00 1.162888556566855591e+01
8.170267303014554727e+00 8.082165691214482806e+00 1.163213227761542790e+01
8.181611994471676752e+00 8.071705656214410496e+00 1.163536739247577856e+01
8.192961248459765145e+00 8.061270457633719744e+00 1.163859094084772572e+01
8.204315063543447195e+00 8.050860010258160671e+00 1.164180295328680970e+01
8.215673438283646490e+00 8.040474229256641792e+00 1.164500346030357569e+01
8.227036371237600676e+00 8.030113030175030531e+00 1.164819249236468401e+01
8.238403860958884550e+00 8.019776328936647047e+00 1.165137007989195617e+01
8.249775905997427827e+00 8.009464041836622528e+00 1.165453625326337672e+01
8.261152504899550664e+00 7.999176085542917036e+00 1.165769104281196178e+01
8.272533656207976094e+00 7.988912377095278572e+00 1.166083447882536817e+01
8.283919358461856675e+00 7.978672833897663352e+00 1.166396659154742643e+01
8.295309610196797578e+00 7.968457373721311576e+00 1.166708741117645332e+01
8.306704409944881462e+00 7.958265914703940958e+00 1.167019696786476679e+01
8.318103756234684454e+00 7.948098375340289401e+00 1.167329529172084257e+01
8.329507647591309905e+00 7.937954674488648443e+00 1.167638241280656786e+01
8.340916082536397269e+00 7.927834731366615983e+00 1.167945836113783464e+01
8.352329059588152305e+00 7.917738465543456172e+00 1.168252316668613666e+01
8.363746577261373716e+00 7.907665796943907033e+00 1.168557685937671486e+01
8.375168634067465590e+00 7.897616645848921202e+00 1.168861946908760174e+01
8.386595228514462264e+00 7.887590932882942774e+00 1.169165102565280634e+01
8.398026359107054972e+00 7.877588579024547677e+00 1.169467155885839027e+01
8.409462024346609610e+00 7.867609505598899489e+00 1.169768109844405934e+01
8.420902222731186271e+00 7.857653634270509890e+00 1.170067967410467347e+01
8.432346952755565894e+00 7.847720887050665617e+00 1.170366731548733696e+01
8.443796212911273358e+00 7.837811186293367705e+00 1.170664405219194748e+01
8.455250001686584582e+00 7.827924454687900990e+00 1.170960991377275384e+01
8.466708317566567388e+00 7.818060615263088486e+00 1.171256492973647667e+01
8.478171159033093929e+00 7.808219591383295466e+00 1.171550912954278267e+01
8.489638524564854904e+00 7.798401306744692896e+00 1.171844254260481222e+01
8.501110412637389757e+00 7.788605685378766630e+00 1.172136519828747225e+01
8.512586821723111541e+00 7.778832651646427898e+00 1.172427712590856430e+01
8.524067750291306922e+00 7.769082130233179839e+00 1.172717835473959447e+01
8.535553196808182363e+00 7.759354046155691798e+00 1.173006891400321372e+01
8.547043159736871232e+00 7.749648324756703843e+00 1.173294883287408474e+01
8.558537637537449783e+00 7.739964891695708005e+00 1.173581814048106509e+01
8.570036628666970913e+00 7.730303672959092154e+00 1.173867686590359050e+01
8.581540131579476594e+00 7.720664594853176688e+00 1.174152503817312621e+01
8.593048144726013859e+00 7.711047583999948607e+00 1.174436268627384905e+01
8.604560666554665005e+00 7.701452567338892052e+00 1.174718983914150172e+01
8.616077695510560019e+00 7.691879472125072503e+00 1.175000652566339809e+01
8.627599230035897904e+00 7.682328225924187848e+00 1.175281277467927765e+01
8.639125268569969762e+00 7.672798756616741045e+00 1.175560861497951670e+01
8.650655809549173014e+00 7.663290992392658652e+00 1.175839407530616043e+01
8.662190851407036263e+00 7.653804861746632326e+00 1.176116918435369030e+01
8.673730392574235282e+00 7.644340293483456783e+00 1.176393397076692970e+01
8.685274431478614332e+00 7.634897216712451140e+00 1.176668846314211692e+01
8.696822966545202149e+00 7.625475560842421174e+00 1.176943269002783055e+01
8.708375996196235036e+00 7.616075255590395443e+00 1.177216667992189869e+01
8.719933518851178178e+00 7.606696230971055961e+00 1.177489046127393912e+01
8.731495532926732750e+00 7.597338417294056789e+00 1.177760406248561509e+01
8.743062036836867890e+00 7.588001745169985490e+00 1.178030751190836689e+01
8.754633028992834909e+00 7.578686145505812988e+00 1.178300083784421126e+01
8.766208507803183281e+00 7.569391549498128313e+00 1.178568406854719086e+01
8.777788471673783732e+00 7.560117888640226269e+00 1.178835723222080745e+01
8.789372919007842455e+00 7.550865094715565995e+00 1.179102035701940387e+01
8.800961848205920646e+00 7.541633099793346950e+00 1.179367347104894392e+01
8.812555257665957598e+00 7.532421836234199475e+00 1.179631660236484691e+01
8.824153145783283136e+00 7.523231236687066392e+00 1.179894977897244424e+01
8.835755510950633607e+00 7.514061234080132934e+00 1.180157302882904169e+01
8.847362351558178517e+00 7.504911761629156075e+00 1.180418637984107200e+01
8.858973665993534752e+00 7.495782752831757989e+00 1.180678985986526186e+01
8.870589452641779005e+00 7.486674141462617449e+00 1.180938349670949172e+01
8.882209709885472648e+00 7.477585861578679882e+00 1.181196731813088441e+01
8.893834436104679497e+00 7.468517847515907526e+00 1.181454135183623144e+01
8.905463629676972914e+00 7.459470033882335649e+00 1.181710562548352961e+01
8.917097288977466008e+00 7.450442355562161723e+00 1.181966016668033959e+01
8.928735412378829395e+00 7.441434747715834241e+00 1.182220500298333477e+01
8.940377998251291203e+00 7.432447145770319175e+00 1.182474016190058208e+01
8.952025044962674372e+00 7.423479485427542990e+00 1.182726567088874603e+01
8.963676550878407312e+00 7.414531702658605283e+00 1.182978155735422376e+01
8.975332514361527458e+00 7.405603733698934654e+00 1.183228784865415406e+01
8.986992933772725678e+00 7.396695515053619552e+00 1.183478457209442780e+01
8.998657807470337389e+00 7.387806983491061352e+00 1.183727175493105221e+01
9.010327133810369205e+00 7.378938076043345617e+00 1.183974942436964284e+01
9.022000911146522029e+00 7.370088730006165711e+00 1.184221760756502206e+01
9.033679137830196382e+00 7.361258882935328707e+00 1.184467633162176625e+01
9.045361812210513719e+00 7.352448472645631838e+00 1.184712562359412402e+01
9.057048932634335969e+00 7.343657437212101513e+00 1.184956551048525952e+01
9.068740497446279747e+00 7.334885714964601178e+00 1.185199601924835378e+01
9.080436504988727009e+00 7.326133244489307472e+00 1.185441717678579288e+01
9.092136953601846372e+00 7.317399964627592901e+00 1.185682900994907740e+01
9.103841841623617981e+00 7.308685814474515929e+00 1.185923154553886327e+01
9.115551167389824627e+00 7.299990733374787766e+00 1.186162481030569182e+01
9.127264929234099711e+00 7.291314660924862245e+00 1.186400883094900394e+01
9.138983125487916581e+00 7.282657536971440138e+00 1.186638363411721464e+01
9.150705754480615184e+00 7.274019301606848842e+00 1.186874924640856754e+01
9.162432814539421599e+00 7.265399895171764655e+00 1.187110569437005125e+01
9.174164303989456926e+00 7.256799258253736618e+00 1.187345300449740471e+01
9.185900221153751488e+00 7.248217331680938180e+00 1.187579120323649207e+01
9.197640564353266157e+00 7.239654056528220138e+00 1.187812031698127768e+01
9.209385331906910110e+00 7.231109374109850663e+00 1.188044037207544079e+01
9.221134522131539057e+00 7.222583225979952282e+00 1.188275139481191722e+01
9.232888133341994319e+00 7.214075553936249108e+00 1.188505341143153160e+01
9.244646163851102827e+00 7.205586300012424950e+00 1.188734644812470620e+01
9.256408611969687783e+00 7.197115406475335320e+00 1.188963053103191569e+01
9.268175476006602409e+00 7.188662815833025910e+00 1.189190568624112387e+01
9.279946754268728171e+00 7.180228470827566767e+00 1.189417193978943210e+01
9.291722445060990765e+00 7.171812314430451529e+00 1.189642931766397993e+01
9.303502546686388541e+00 7.163414289848341276e+00 1.189867784580002841e+01
9.315287057445990726e+00 7.155034340520645131e+00 1.190091755008135088e+01
9.327075975638956962e+00 7.146672410112912210e+00 1.190314845634163277e+01
9.338869299562560400e+00 7.138328442522751338e+00 1.190537059036260814e+01
9.350667027512193030e+00 7.130002381872424522e+00 1.190758397787568690e+01
9.362469157781376339e+00 7.121694172511958243e+00 1.190978864456083208e+01
9.374275688661787953e+00 7.113403759021177386e+00 1.191198461604571968e+01
9.386086954368106916e+00 7.109265388578459799e+00 1.191307930146177618e+01
