sr b Me
0.000000000000000000e+00 8.996477879875817507e+01 2.721770781323883170e+00
4.188161108748558693e-04 8.992055745503830622e+01 2.721773180492797373e+00
9.022086722796187393e-04 8.982582558319401755e+01 2.721784548332565112e+00
1.489435939080636711e-03 8.972101877487632748e+01 2.721807020362095653e+00
2.153363252574039526e-03 8.960960782965292992e+01 2.721842306564896674e+00
2.878875319020204708e-03 8.949310416625273490e+01 2.721891770056915405e+00
3.656614301366735258e-03 8.937240648098325835e+01 2.721956561707778999e+00
4.480158316296041152e-03 8.924812099749028960e+01 2.722037687929510064e+00
5.344778712093028322e-03 8.912068823190125499e+01 2.722136049086852694e+00
6.246818709107099764e-03 8.899044471675129842e+01 2.722252463620849383e+00
7.183347840069804167e-03 8.885765704920837038e+01 2.722387684315616507e+00
8.151953488135970857e-03 8.872254234921823013e+01 2.722542409849779244e+00
9.150607017326528939e-03 8.858528135029877149e+01 2.722717293328902333e+00
1.017757348188598650e-02 8.844602719261035872e+01 2.722912948786333942e+00
1.123134828436777796e-02 8.830491156225593841e+01 2.723129956261747697e+00
1.231061128558851372e-02 8.816204911551086809e+01 2.723368865851337528e+00
1.341419265535496834e-02 8.801754075235804464e+01 2.723630200994322959e+00
1.454104687829982714e-02 8.787147609339685062e+01 2.723914461179320678e+00
1.569023258018983555e-02 8.772393539033937770e+01 2.724222124201454598e+00
1.686089660660757342e-02 8.757499102441501293e+01 2.724553648065614286e+00
1.805226127208421974e-02 8.742470869889402252e+01 2.724909472606976468e+00
1.926361401549695970e-02 8.727314840053170997e+01 2.725290020882610520e+00
2.049429891071994497e-02 8.712036518369501437e+01 2.725695700375654340e+00
2.174370962789259551e-02 8.696640981651384550e+01 2.726126904044440025e+00
2.301128354326785821e-02 8.681132931831669453e+01 2.726584011242158212e+00
2.429649676885562576e-02 8.665516741042907256e+01 2.727067388527562031e+00
2.559885992625209397e-02 8.649796489721555304e+01 2.727577390383219669e+00
2.691791452823076233e-02 8.633975999042726812e+01 2.728114359854858062e+00
2.825322986094330052e-02 8.618058858707298953e+01 2.728678629122855526e+00
2.960440028172062893e-02 8.602048450888723607e+01 2.729270520015129708e+00
3.097104286440520785e-02 8.585947970983467314e+01 2.729890344469092067e+00
3.235279533724450679e-02 8.569760445682896943e+01 2.730538404949145015e+00
3.374931426860246914e-02 8.553488748786506335e+01 2.731214994825202691e+00
3.516027346380257851e-02 8.537135615099312247e+01 2.731920398716881859e+00
3.658536254281683636e-02 8.520703652695387120e+01 2.732654892807370839e+00
3.802428567363951711e-02 8.504195353780831113e+01 2.733418745130400396e+00
3.947676044031748349e-02 8.487613104350415938e+01 2.734212215833267567e+00
4.094251682796472974e-02 8.470959192800570747e+01 2.735035557418526331e+00
4.242129630983148408e-02 8.454235817635522210e+01 2.735889014966542465e+00
4.391285102375241250e-02 8.437445094382405841e+01 2.736772826340926557e+00
4.541694302716305087e-02 8.420589061813720377e+01 2.737687222378534457e+00
4.693334362142258243e-02 8.403669687561102819e+01 2.738632427065578856e+00
4.846183273747572268e-02 8.386688873192468918e+01 2.739608657701189554e+00
5.000219837597287553e-02 8.369648458814359060e+01 2.740616125049637475e+00
5.155423609588386663e-02 8.352550227253188098e+01 2.741655033482251369e+00
5.311774854641632126e-02 8.335395907861645526e+01 2.742725581110017519e+00
5.469254503770948350e-02 8.318187179990721347e+01 2.743827959907683134e+00
5.627844114633725331e-02 8.300925676162583500e+01 2.744962355830144585e+00
5.787525835213671449e-02 8.283612984975117399e+01 2.746128948921799484e+00
5.948282370329306679e-02 8.266250653765287382e+01 2.747327913419479017e+00
6.110096950696981138e-02 8.248840191055147386e+01 2.748559417849536057e+00
6.272953304308266642e-02 8.231383068801586944e+01 2.749823625119570458e+00
6.436835629908450873e-02 8.213880724468474170e+01 2.751120692605279583e+00
6.601728572386279803e-02 8.196334562937772716e+01 2.752450772232823528e+00
6.767617199905509584e-02 8.178745958274346606e+01 2.753814010557106950e+00
6.934486982626765494e-02 8.161116255357624993e+01 2.755210548836324769e+00
7.102323772883888109e-02 8.143446771391865013e+01 2.756640523103068841e+00
7.271113786692753878e-02 8.125738797305552907e+01 2.758104064232297148e+00
7.440843586482812078e-02 8.107993599049338229e+01 2.759601298006456371e+00
7.611500064952304856e-02 8.090212418801145589e+01 2.761132345177942149e+00
7.783070429957719694e-02 8.072396476085917527e+01 2.762697321529182570e+00
7.955542190356527932e-02 8.054546968817099639e+01 2.764296337930518543e+00
8.128903142729786147e-02 8.036665074265978603e+01 2.765929500396070218e+00
8.303141358917927317e-02 8.018751949964628523e+01 2.767596910137779087e+00
8.478245174309094467e-02 8.000808734547639745e+01 2.769298663617770551e+00
8.654203176824758204e-02 7.982836548537167687e+01 2.771034852599198128e+00
8.831004196552164065e-02 7.964836495075724088e+01 2.772805564195698125e+00
9.008637295977553472e-02 7.946809660610500714e+01 2.774610880919581746e+00
9.187091760777942040e-02 7.928757115532773980e+01 2.776450880728899673e+00
9.366357091132812562e-02 7.910679914775749921e+01 2.778325637073445709e+00
9.546422993520237155e-02 7.892579098373651902e+01 2.780235218939848263e+00
9.727279372964822701e-02 7.874455691984944394e+01 2.782179690895806967e+00
9.908916325707481376e-02 7.856310707382030500e+01 2.784159113133584107e+00
1.009132413226937197e-01 7.838145142909915819e+01 2.786173541512809493e+00
1.027449325088454768e-01 7.819959983915853741e+01 2.788223027602679593e+00
1.045841431127772503e-01 7.801756203151890645e+01 2.790307618723631311e+00
1.064307810876545385e-01 7.783534761152240833e+01 2.792427357988534808e+00
1.082847559866049747e-01 7.765296606587045858e+01 2.794582284343469780e+00
1.101459789096080333e-01 7.747042676594148247e+01 2.796772432608145120e+00
1.120143624530570009e-01 7.728773897090270850e+01 2.798997833516005063e+00
1.138898206618329662e-01 7.710491183062970322e+01 2.801258513754051105e+00
1.157722689837411140e-01 7.692195438844467503e+01 2.803554496002471197e+00
1.176616242261703249e-01 7.673887558368694783e+01 2.805885798974052214e+00
1.195578045148469049e-01 7.655568425412522515e+01 2.808252437453451211e+00
1.214607292545616390e-01 7.637238913822152142e+01 2.810654422336350322e+00
1.233703190917575937e-01 7.618899887725609688e+01 2.813091760668509966e+00
1.252864958788738048e-01 7.600552201732182311e+01 2.815564455684778533e+00
1.272091826403464465e-01 7.582196701119713111e+01 2.818072506848038117e+00
1.291383035401758306e-01 7.563834222010358133e+01 2.820615909888158690e+00
1.310737838509731523e-01 7.545465591535609917e+01 2.823194656840933625e+00
1.330155499244065342e-01 7.527091627991255507e+01 2.825808736087042750e+00
1.349635291629710243e-01 7.508713140982739276e+01 2.828458132391069579e+00
1.369176499930111757e-01 7.490330931561707928e+01 2.831142826940545643e+00
1.388778418389307046e-01 7.471945792354235039e+01 2.833862797385068966e+00
1.408440350985256384e-01 7.453558507681103151e+01 2.836618017875494502e+00
1.428161611193831393e-01 7.435169853670745965e+01 2.839408459103219595e+00
1.447941521762901307e-01 7.416780598365312471e+01 2.842234088339548048e+00
1.467779414496002133e-01 7.398391501820185567e+01 2.845094869475157218e+00
1.487674630045092983e-01 7.380003316197489482e+01 2.847990763059669916e+00
1.507626517711943559e-01 7.361616785853776435e+01 2.850921726341335116e+00
1.527634435257712309e-01 7.343232647422424009e+01 2.853887713306827667e+00
1.547697748720307798e-01 7.324851629891038840e+01 2.856888674721135501e+00
1.567815832239143059e-01 7.306474454674118135e+01 2.859924558167589392e+00
1.587988067886915156e-01 7.288101835681212037e+01 2.862995308088000623e+00
1.608213845508068007e-01 7.269734479381101266e+01 2.866100865822912347e+00
1.628492562563602364e-01 7.251373084862116514e+01 2.869241169651938428e+00
1.648823623981932607e-01 7.233018343888709012e+01 2.872416154834258606e+00
1.669206442015488956e-01 7.214670940954854927e+01 2.875625753649170946e+00
1.689640436102788912e-01 7.196331553334078990e+01 2.878869895436794391e+00
1.710125032735717310e-01 7.178000851126772375e+01 2.882148506638833485e+00
1.730659665331761576e-01 7.159679497304665574e+01 2.885461510839451460e+00
1.751243774110966267e-01 7.141368147752807261e+01 2.888808828806233464e+00
1.771876805977382063e-01 7.123067451309150044e+01 2.892190378531224404e+00
1.792558214404797734e-01 7.104778049801966233e+01 2.895606075272060931e+00
1.813287459326548556e-01 7.086500578085409074e+01 2.899055831593120747e+00
1.834064007029213017e-01 7.068235664072834368e+01 2.902539557406822901e+00
1.854887330050010996e-01 7.049983928768737940e+01 2.906057160014901442e+00
1.875756907077734958e-01 7.031745986299118556e+01 2.909608544149736353e+00
1.896672222857042067e-01 7.013522443940125584e+01 2.913193612015771983e+00
1.917632768095956231e-01 6.995313902145576890e+01 2.916812263330914146e+00
1.938638039376427979e-01 6.977120954573290135e+01 2.920464395367963650e+00
1.959687539067810624e-01 6.958944188110257301e+01 2.924149902996058703e+00
1.980780775243115854e-01 6.940784182896787513e+01 2.927868678722130635e+00
2.001917261597922493e-01 6.922641512349822790e+01 2.931620612732340536e+00
2.023096517371815728e-01 6.904516743185565986e+01 2.935405592933483909e+00
2.044318067272236916e-01 6.886410435441177924e+01 2.939223504994397551e+00
2.065581441400635709e-01 6.868323142495930256e+01 2.943074232387338007e+00
2.086886175180818204e-01 6.850255411092031466e+01 2.946957656429247674e+00
2.108231809289388969e-01 6.832207781354719600e+01 2.950873656323033778e+00
2.129617889588193425e-01 6.814180786812076462e+01 2.954822109198757651e+00
2.151043967058663964e-01 6.796174954414550484e+01 2.958802890154731191e+00
2.172509597737987685e-01 6.778190804554157012e+01 2.962815872298552033e+00
2.194014342657011063e-01 6.760228851083574853e+01 2.966860926788013941e+00
2.215557767779798293e-01 6.742289601334978499e+01 2.970937922871943471e+00
2.237139443944774486e-01 6.724373556138898778e+01 2.975046727930888757e+00
2.258758946807375712e-01 6.706481209843040858e+01 2.979187207517684843e+00
2.280415856784138995e-01 6.688613050330936005e+01 2.983359225397931969e+00
2.302109758998169553e-01 6.670769559040908803e+01 2.987562643590250921e+00
2.323840243225916702e-01 6.652951210985108332e+01 2.991797322406410498e+00
2.345606903845205704e-01 6.635158474768446979e+01 2.996063120491322618e+00
2.367409339784461997e-01 6.617391812607901613e+01 3.000359894862837606e+00
2.389247154473080059e-01 6.599651680352054939e+01 3.004687500951333412e+00
2.411119955792880853e-01 6.581938527500794578e+01 3.009045792639141848e+00
2.433027356030607602e-01 6.564252797225316272e+01 3.013434622299751453e+00
2.454968971831420765e-01 6.546594926388335978e+01 3.017853840836830948e+00
2.476944424153336710e-01 6.528965345564816403e+01 3.022303297722987114e+00
2.498953338222575093e-01 6.511364479062915223e+01 3.026782841038314853e+00
2.520995343489772500e-01 6.493792744945221784e+01 3.031292317508733625e+00
2.543070073587021529e-01 6.476250555050607716e+01 3.035831572544029022e+00
2.565177166285700361e-01 6.458738315016360332e+01 3.040400450275659416e+00
2.587316263455058940e-01 6.441256424300637207e+01 3.044998793594340114e+00
2.609487011021525693e-01 6.423805276205487758e+01 3.049626444187313545e+00
2.631689058928703417e-01 6.406385257900393526e+01 3.054283242575329904e+00
2.653922061098025198e-01 6.388996750446181494e+01 3.058969028149376435e+00
2.676185675390043150e-01 6.371640128819274196e+01 3.063683639207131826e+00
2.698479563566314465e-01 6.354315761936632612e+01 3.068426912989085320e+00
2.720803391251874204e-01 6.337024012681282414e+01 3.073198685714319200e+00
2.743156827898249883e-01 6.319765237927888535e+01 3.077998792616100321e+00
2.765539546747012301e-01 6.302539788569354329e+01 3.082827067977013780e+00
2.787951224793829841e-01 6.285348009543664460e+01 3.087683345163849680e+00
2.810391542753007954e-01 6.268190239861042556e+01 3.092567456662208780e+00
2.832860185022494925e-01 6.251066812632238623e+01 3.097479234110608104e+00
2.855356839649330070e-01 6.233978055096635273e+01 3.102418508334435110e+00
2.877881198295523801e-01 6.216924288651237163e+01 3.107385109379462218e+00
2.900432956204344603e-01 6.199905828880275038e+01 3.112378866544978084e+00
2.923011812167001233e-01 6.182922985584996667e+01 3.117399608416653312e+00
2.945617468489702406e-01 6.165976062814206671e+01 3.122447162898991380e+00
2.968249630961080632e-01 6.149065358895135347e+01 3.127521357247457168e+00
2.990908008819965769e-01 6.132191166465150189e+01 3.132622018100148065e+00
3.013592314723494980e-01 6.115353772503593177e+01 3.137748971509197293e+00
3.036302264715546317e-01 6.098553458364077784e+01 3.142902042971825516e+00
3.059037578195485940e-01 6.081790499807817696e+01 3.148081057460840881e+00
3.081797977887211770e-01 6.065065167036853211e+01 3.153285839454947226e+00
3.104583189808497456e-01 6.048377724727961890e+01 3.158516212968597081e+00
3.127392943240604462e-01 6.031728432067203016e+01 3.163772001581412141e+00
3.150226970698177253e-01 6.015117542784599181e+01 3.169053028467319955e+00
3.173085007899391630e-01 5.998545305189497867e+01 3.174359116423229210e+00
3.195966793736365053e-01 5.982011962206424016e+01 3.179690087897293349e+00
3.218872070245806238e-01 5.965517751411157121e+01 3.185045765016853547e+00
3.241800582579909551e-01 5.949062905067369655e+01 3.190425969615942936e+00
3.264752078977479210e-01 5.932647650163649189e+01 3.195830523262404466e+00
3.287726310735279434e-01 5.916272208450882175e+01 3.201259247284623299e+00
3.310723032179603287e-01 5.899936796480255907e+01 3.206711962797799131e+00
3.333742000638057479e-01 5.883641625641310213e+01 3.212188490729907198e+00
3.356782976411553654e-01 5.867386902200508558e+01 3.217688651847244508e+00
3.379845722746507297e-01 5.851172827340332816e+01 3.223212266779492463e+00
3.402930005807230374e-01 5.834999597198488885e+01 3.228759156044479273e+00
3.426035594648521587e-01 5.818867402907578423e+01 3.234329140072491171e+00
3.449162261188448708e-01 5.802776430634951765e+01 3.239922039230237694e+00
3.472309780181315753e-01 5.786726861623156282e+01 3.245537673844324456e+00
3.495477929190813349e-01 5.770718872230501972e+01 3.251175864224382650e+00
3.518666488563350070e-01 5.754752633971822462e+01 3.256836430685847272e+00
3.541875241401563623e-01 5.738828313559714189e+01 3.262519193572255727e+00
3.565103973538000792e-01 5.722946072946034235e+01 3.268223973277162298e+00
3.588352473508976126e-01 5.707106069363453571e+01 3.273950590265726213e+00
3.611620532528594385e-01 5.691308455367368424e+01 3.279698865095862725e+00
3.634907944462942853e-01 5.675553378878250754e+01 3.285468618438932342e+00
3.658214505804451844e-01 5.659840983223823940e+01 3.291259671100170703e+00
3.681540015646413977e-01 5.644171407181757161e+01 3.297071844038628630e+00
3.704884275657667758e-01 5.628544785022264563e+01 3.302904958386824408e+00
3.728247090057442148e-01 5.612961246551238048e+01 3.308758835469873816e+00
3.751628265590361555e-01 5.597420917153305453e+01 3.314633296824343045e+00
3.775027611501604596e-01 5.581923917835131732e+01 3.320528164216668632e+00
3.798444939512223284e-01 5.566470365268903464e+01 3.326443259661203911e+00
3.821880063794619309e-01 5.551060371835368557e+01 3.332378405438089608e+00
3.845332800948167429e-01 5.535694045668318353e+01 3.338333424110256242e+00
3.868802969975004835e-01 5.520371490697829842e+01 3.344308138540573960e+00
3.892290392255964848e-01 5.505092806694134566e+01 3.350302371908410848e+00
3.915794891526666599e-01 5.489858089311764644e+01 3.356315947725783122e+00
3.939316293853757367e-01 5.474667430133480650e+01 3.362348689853217110e+00
3.962854427611305907e-01 5.459520916714343031e+01 3.368400422515249293e+00
3.986409123457350101e-01 5.444418632625720988e+01 3.374470970315594176e+00
4.009980214310591151e-01 5.429360657499908882e+01 3.380560158251741942e+00
4.033567535327241549e-01 5.414347067073656916e+01 3.386667811729644928e+00
4.057170923878026247e-01 5.399377933232676696e+01 3.392793756577671349e+00
4.080790219525325946e-01 5.384453324056061518e+01 3.398937819060250831e+00
4.104425264000483020e-01 5.369573303860154567e+01 3.405099825891400478e+00
4.128075901181247342e-01 5.354737933242758174e+01 3.411279604247769992e+00
4.151741977069376421e-01 5.339947269127589635e+01 3.417476981781235601e+00
4.175423339768387643e-01 5.325201364807941218e+01 3.423691786631475331e+00
4.199119839461457615e-01 5.310500269990957634e+01 3.429923847437947426e+00
4.222831328389472505e-01 5.295844030841596606e+01 3.436172993351647609e+00
4.246557660829230474e-01 5.281232690026707388e+01 3.442439054046470659e+00
4.270298693071793439e-01 5.266666286758584903e+01 3.448721859730445427e+00
4.294054283400988714e-01 5.252144856838857123e+01 3.455021241156475131e+00
4.317824292072061643e-01 5.237668432702164978e+01 3.461337029632823192e+00
4.341608581290479218e-01 5.223237043459707962e+01 3.467669057033302416e+00
4.365407015190884144e-01 5.208850714942769144e+01 3.474017155807115564e+00
4.389219459816202096e-01 5.194509469745600683e+01 3.480381158988642198e+00
4.413045783096893881e-01 5.180213327269063228e+01 3.486760900206527847e+00
4.436885854830365239e-01 5.165962303763470231e+01 3.493156213692782952e+00
4.460739546660525412e-01 5.151756412371506144e+01 3.499566934291486131e+00
4.484606732057495049e-01 5.137595663170824878e+01 3.505992897467295588e+00
4.508487286297470087e-01 5.123480063216739921e+01 3.512433939313552855e+00
4.532381086442729967e-01 5.109409616584487424e+01 3.518889896560239983e+00
4.556288011321806275e-01 5.095384324411428167e+01 3.525360606581605882e+00
4.580207941509795155e-01 5.081404184939403734e+01 3.531845907403375673e+00
4.604140759308827380e-01 5.067469193555911033e+01 3.538345637710154534e+00
4.628086348728683852e-01 5.053579342836146537e+01 3.544859636852074392e+00
4.652044595467569876e-01 5.039734622584322921e+01 3.551387744851437045e+00
4.676015386893034864e-01 5.025935019874926013e+01 3.557929802409025122e+00
4.699998612023048028e-01 5.012180519093513453e+01 3.564485650910293124e+00
4.723994161507224510e-01 4.998471101977644793e+01 3.571055132431135704e+00
4.748001927608201944e-01 4.984806747657105319e+01 3.577638089743656380e+00
4.772021804183170235e-01 4.971187432694460995e+01 3.584234366321420673e+00
4.796053686665552318e-01 4.957613131125059880e+01 3.590843806344636846e+00
4.820097472046837028e-01 4.944083814496549678e+01 3.597466254705218969e+00
4.844153058858560734e-01 4.930599451908794606e+01 3.604101557011316181e+00
4.868220347154444405e-01 4.917160010052636920e+01 3.610749559592067115e+00
4.892299238492677227e-01 4.903765453249358330e+01 3.617410109501649540e+00
4.916389635918355649e-01 4.890415743489225520e+01 3.624083054523466352e+00
4.940491443946068983e-01 4.877110840469932640e+01 3.630768243174018917e+00
4.964604568542638763e-01 4.863850701634754614e+01 3.637465524706597453e+00
4.988728917110005212e-01 4.850635282210595278e+01 3.644174749114684086e+00
5.012864398468268590e-01 4.837464535245384667e+01 3.650895767135346137e+00
5.037010922838872640e-01 4.824338411645677382e+01 3.657628430252179985e+00
5.061168401827946806e-01 4.811256860213603659e+01 3.664372590698270926e+00
5.085336748409789998e-01 4.798219827683303151e+01 3.671128101459070425e+00
5.109515876910506460e-01 4.785227258757966950e+01 3.677894816274617451e+00
5.133705702991790965e-01 4.772279096145377508e+01 3.684672589642231877e+00
5.157906143634856111e-01 4.759375280594281321e+01 3.691461276818424064e+00
5.182117117124520611e-01 4.746515750929637534e+01 3.698260733821066903e+00
5.206338543033429689e-01 4.733700444087828885e+01 3.705070817431262320e+00
5.230570342206426471e-01 4.720929295151761806e+01 3.711891385194950654e+00
5.254812436745081028e-01 4.708202237385301459e+01 3.718722295424523594e+00
5.279064749992349315e-01 4.695519202267992398e+01 3.725563407199985022e+00
5.303327206517387538e-01 4.682880119528203267e+01 3.732414580370626123e+00
5.327599732100507524e-01 4.670284917177706774e+01 3.739275675555608025e+00
5.351882253718278637e-01 4.657733521544491850e+01 3.746146554145183050e+00
5.376174699528772916e-01 4.645225857305925388e+01 3.753027078301406139e+00
5.400476998856948985e-01 4.632761847521517495e+01 3.759917110958760134e+00
5.424789082180189181e-01 4.620341413665236985e+01 3.766816515824696232e+00
5.449110881113969906e-01 4.607964475657698245e+01 3.773725157379951067e+00
5.473442328397670753e-01 4.595630951897586414e+01 3.780642900878962820e+00
5.497783357880537958e-01 4.583340759293451327e+01 3.787569612349785952e+00
5.522133904507776636e-01 4.571093813294529440e+01 3.794505158594236427e+00
5.546493904306782907e-01 4.558890027921850674e+01 3.801449407187574181e+00
5.570863294373522567e-01 4.546729315798030768e+01 3.808402226478621699e+00
5.595242012859041880e-01 4.534611588178020725e+01 3.815363485589047698e+00
5.619629998956111594e-01 4.522536754978607831e+01 3.822333054413062037e+00
5.644027192886025279e-01 4.510504724807920240e+01 3.829310803616796655e+00
5.668433535885508689e-01 4.498515404994488875e+01 3.836296604637670971e+00
5.692848970193786773e-01 4.486568701616055677e+01 3.843290329683592965e+00
5.717273439039773919e-01 4.474664519528226947e+01 3.850291851731964421e+00
5.741706886629397433e-01 4.462802762392318812e+01 3.857301044528873568e+00
5.766149258133057565e-01 4.450983332703540185e+01 3.864317782587791683e+00
5.790600499673226320e-01 4.439206131818008316e+01 3.871341941188684910e+00
5.815060558312156180e-01 4.427471059980508983e+01 3.878373396376394222e+00
5.839529382039747585e-01 4.415778016350790125e+01 3.885412024959607802e+00
5.864006919761521885e-01 4.404126899030463704e+01 3.892457704509195704e+00
5.888493121286741960e-01 4.392517605089128807e+01 3.899510313356725710e+00
5.912987937316644960e-01 4.380950030589912814e+01 3.906569730593067558e+00
5.937491319432818271e-01 4.369424070615767874e+01 3.913635836066252427e+00
5.962003220085684285e-01 4.357939619293904343e+01 3.920708510380208622e+00
5.986523592583128384e-01 4.346496569821280076e+01 3.927787634892573099e+00
6.011052391079237944e-01 4.335094814488861914e+01 3.934873091713001259e+00
6.035589570563174577e-01 4.323734244706351859e+01 3.941964763700913199e+00
6.060135086848160713e-01 4.312414751025394111e+01 3.949062534463922525e+00
6.084688896560599414e-01 4.301136223164011341e+01 3.956166288355253524e+00
6.109250957129298554e-01 4.289898550029937496e+01 3.963275910471569130e+00
6.133821226774838209e-01 4.278701619742896156e+01 3.970391286651210994e+00
6.158399664499032422e-01 4.267545319658000125e+01 3.977512303471497201e+00
6.182986230074533074e-01 4.256429536388196766e+01 3.984638848246347287e+00
6.207580884034525903e-01 4.245354155826092324e+01 3.991770809024062672e+00
6.232183587662574187e-01 4.234319063165937536e+01 3.998908074584763828e+00
6.256794302982544576e-01 4.223324142924985836e+01 4.006050534437971322e+00
6.281412992748676150e-01 4.212369278964978037e+01 4.013198078819883996e+00
6.306039620435740511e-01 4.201454354512927125e+01 4.020350598690836108e+00
6.330674150229338437e-01 4.190579252181845504e+01 4.027507985732587947e+00
6.355316547016280904e-01 4.179743853990603952e+01 4.034670132345927307e+00
6.379966776375111115e-01 4.168948041384864212e+01 4.041836931647333486e+00
6.404624804566704244e-01 4.158191695256124376e+01 4.049008277466658257e+00
6.429290598525010392e-01 4.147474695961295055e+01 4.056184064344225959e+00
6.453964125847874156e-01 4.136796923342104293e+01 4.063364187527815474e+00
6.478645354787987420e-01 4.126158256744190567e+01 4.070548542969620875e+00
6.503334254243927637e-01 4.115558575034754085e+01 4.077737027323967922e+00
6.528030793751319338e-01 4.104997756622074689e+01 4.084929537943544631e+00
6.552734943474082252e-01 4.094475679473084995e+01 4.092125972876718087e+00
6.577446674195804865e-01 4.083992221130870348e+01 4.099326230864710041e+00
6.602165957311191269e-01 4.073547258732603638e+01 4.106530211338229819e+00
6.626892764817645665e-01 4.063140669026798690e+01 4.113737814414386129e+00
6.651627069306919049e-01 4.052772328389960421e+01 4.120948940893788048e+00
6.676368843956892452e-01 4.042442112843596647e+01 4.128163492257195699e+00
6.701118062523425678e-01 4.032149898070543514e+01 4.135381370662437384e+00
6.725874699332332618e-01 4.021895559431325040e+01 4.142602478941098454e+00
6.750638729271429828e-01 4.011678971979839048e+01 4.149826720595479301e+00
6.775410127782702796e-01 4.001500010479193747e+01 4.157053999795255805e+00
6.800188870854541046e-01 3.991358549417103063e+01 4.164284221374238371e+00
6.824974935014104238e-01 3.981254463021267753e+01 4.171517290826950664e+00
6.849768297319736021e-01 3.971187625273818611e+01 4.178753114305695071e+00
6.874568935353513321e-01 3.961157909926584608e+01 4.185991598616814358e+00
6.899376827213854479e-01 3.951165190514933556e+01 4.193232651217806861e+00
6.924191951508243958e-01 3.941209340372835612e+01 4.200476180213367883e+00
6.949014287346019225e-01 3.931290232645643101e+01 4.207722094352886799e+00
6.973843814331274205e-01 3.921407740304987044e+01 4.214970303026242426e+00
6.998680512555829347e-01 3.911561736161407765e+01 4.222220716261054108e+00
7.023524362592300507e-01 3.901752092878168554e+01 4.229473244718897185e+00
7.048375345487245536e-01 3.891978682984259308e+01 4.236727799691932361e+00
7.073233442754409683e-01 3.882241378886536864e+01 4.243984293099985372e+00
7.098098636368029846e-01 3.872540052883065442e+01 4.251242637486599030e+00
7.122970908756255382e-01 3.862874577175378477e+01 4.258502746015675910e+00
7.147850242794622222e-01 3.853244823880357472e+01 4.265764532468258707e+00
7.172736621799628010e-01 3.843650665042265047e+01 4.273027911239034360e+00
7.197630029522373851e-01 3.834091972644369406e+01 4.280292797332963417e+00
7.222530450142293779e-01 3.824568618620782701e+01 4.287559106361592320e+00
7.247437868260971916e-01 3.815080474867362881e+01 4.294826754539923463e+00
7.272352268896009608e-01 3.805627413252925351e+01 4.302095658682874912e+00
7.297273637475005792e-01 3.796209305630561914e+01 4.309365736201510089e+00
7.322201959829585105e-01 3.786826023847275735e+01 4.316636905100404320e+00
7.347137222189515926e-01 3.777477439755895006e+01 4.323909083973099143e+00
7.372079411176900576e-01 3.768163425223809782e+01 4.331182191999866760e+00
7.397028513800438798e-01 3.758883852144464299e+01 4.338456148943183877e+00
7.421984517449762286e-01 3.749638592446455476e+01 4.345730875144914407e+00
7.446947409889845826e-01 3.740427518103281557e+01 4.353006291522855342e+00
7.471917179255486152e-01 3.731250501143198051e+01 4.360282319567039266e+00
7.496893814045857418e-01 3.722107413658390840e+01 4.367558881336443655e+00
7.521877303119123281e-01 3.712998127813902727e+01 4.374835899455747246e+00
7.546867635687140030e-01 3.703922515857083653e+01 4.382113297111533967e+00
7.571864801310201898e-01 3.694880450126105842e+01 4.389390998049111481e+00
7.596868789891878526e-01 3.685871803058442708e+01 4.396668926569213376e+00
7.621879591673899057e-01 3.676896447199501239e+01 4.403947007524464219e+00
7.646897197231119492e-01 3.667954255211220982e+01 4.411225166315706048e+00
7.671921597466538900e-01 3.659045099879470087e+01 4.418503328889210380e+00
7.696952783606396675e-01 3.650168854122581763e+01 4.425781421732808418e+00
7.721990747195317528e-01 3.641325390998836298e+01 4.433059371872757559e+00
7.747035480091534199e-01 3.632514583714242917e+01 4.440337106870256179e+00
7.772086974462156794e-01 3.623736305629763166e+01 4.447614554818266619e+00
7.797145222778524287e-01 3.614990430268986188e+01 4.454891644337876322e+00
7.822210217811591537e-01 3.606276831324875332e+01 4.462168304575273581e+00
7.847281952627404022e-01 3.597595382667022790e+01 4.469444465198223249e+00
7.872360420582602547e-01 3.588945958348248411e+01 4.476720056392937686e+00
7.897445615320018986e-01 3.580328432611614886e+01 4.483995008860500064e+00
7.922537530764295344e-01 3.571742679896924244e+01 4.491269253813620743e+00
7.947636161117596076e-01 3.563188574846505929e+01 4.498542722973856378e+00
7.972741500855341501e-01 3.554665992312219913e+01 4.505815348567721479e+00
7.997853544722027808e-01 3.546174807361315118e+01 4.513087063323632186e+00
8.022972287727080376e-01 3.537714895282439187e+01 4.520357800468635112e+00
8.048097725140779257e-01 3.529286131591290854e+01 4.527627493725334240e+00
8.073229852490217962e-01 3.520888392036280123e+01 4.534896077308709472e+00
8.098368665555339962e-01 3.512521552604683706e+01 4.542163485922396049e+00
8.123514160365007397e-01 3.504185489527202435e+01 4.549429654756254493e+00
8.148666333193130829e-01 3.495880079284103203e+01 4.556694519482473282e+00
8.173825180554852299e-01 3.487605198609777801e+01 4.563958016252930960e+00
8.198990699202776122e-01 3.479360724498065593e+01 4.571220081695825499e+00
8.224162886123242977e-01 3.471146534207244372e+01 4.578480652912474191e+00
8.249341738532672830e-01 3.462962505264737700e+01 4.585739667474281411e+00
8.274527253873930066e-01 3.454808515471601993e+01 4.592997063419810289e+00
8.299719429812764115e-01 3.446684442907723422e+01 4.600252779251142954e+00
8.324918264234275611e-01 3.438590165935542586e+01 4.607506753931430943e+00
8.350123755239448053e-01 3.430525563204712824e+01 4.614758926881566303e+00
8.375335901141703898e-01 3.422490513656730826e+01 4.622009237976770990e+00
8.400554700463538360e-01 3.414484896528171731e+01 4.629257627544341780e+00
8.425780151933158768e-01 3.406508591355220261e+01 4.636504036360179271e+00
8.451012254481207187e-01 3.398561477978029899e+01 4.643748405645359512e+00
8.476251007237500801e-01 3.390643436543447820e+01 4.650990677064119616e+00
8.501496409527831144e-01 3.382754347509739290e+01 4.658230792719955105e+00
8.526748460870792190e-01 3.374894091649264993e+01 4.665468695153481171e+00
8.552007160974670619e-01 3.367062550053049108e+01 4.672704327338517594e+00
8.577272509734354955e-01 3.359259604132767407e+01 4.679937632680450044e+00
8.602544507228312431e-01 3.351485135625465972e+01 4.687168555012008575e+00
8.627823153715575843e-01 3.343739026595971353e+01 4.694397038591096027e+00
8.653108449632808119e-01 3.336021159439960115e+01 4.701623028097946744e+00
8.678400395591365779e-01 3.328331416887199623e+01 4.708846468632058802e+00
8.703698992374437893e-01 3.320669682004334788e+01 4.716067305709470858e+00
8.729004240934201686e-01 3.313035838197937721e+01 4.723285485259728134e+00
8.754316142389027000e-01 3.305429769217280978e+01 4.730500953623035798e+00
8.779634698020712946e-01 3.297851359156428686e+01 4.737713657548009216e+00
8.804959909271770080e-01 3.290300492457426174e+01 4.744923544188297981e+00
8.830291777742723669e-01 3.282777053912187881e+01 4.752130561100402772e+00
8.855630305189476914e-01 3.275280928665849700e+01 4.759334656240019612e+00
8.880975493520685271e-01 3.267812002217971923e+01 4.766535777960388742e+00
8.906327344795190726e-01 3.260370160425728159e+01 4.773733875008667304e+00
8.931685861219466060e-01 3.252955289504973280e+01 4.780928896524305749e+00
8.957051045145119073e-01 3.245567276033784765e+01 4.788120792034948003e+00
8.982422899066409006e-01 3.238206006953295457e+01 4.795309511454926898e+00
9.007801425617815161e-01 3.230871369570274965e+01 4.802495005081991231e+00
9.033186627571617722e-01 3.223563251558025655e+01 4.809677223595622664e+00
9.058578507835542970e-01 3.216281540959568019e+01 4.816856118053065572e+00
9.083977069450399622e-01 3.209026126188708616e+01 4.824031639887381040e+00
9.109382315587792878e-01 3.201796896031240180e+01 4.831203740905300137e+00
9.134794249547825151e-01 3.194593739647222108e+01 4.838372373283994499e+00
9.160212874756867851e-01 3.187416546572001863e+01 4.845537489569021083e+00
9.185638194765333164e-01 3.180265206718040361e+01 4.852699042671428487e+00
9.211070213245499128e-01 3.173139610376400199e+01 4.859856985865142143e+00
9.236508933989345804e-01 3.166039648217264002e+01 4.867011272785283005e+00
9.261954360906440309e-01 3.158965211292032649e+01 4.874161857424857303e+00
9.287406498021829604e-01 3.151916191034082360e+01 4.881308694132745707e+00
9.312865349473984367e-01 3.144892479260509077e+01 4.888451737610645331e+00
9.338330919512751738e-01 3.137893968172332038e+01 4.895590942911544730e+00
9.363803212497350259e-01 3.130920550355725851e+01 4.902726265437105546e+00
9.389282232894385904e-01 3.123972118783800056e+01 4.909857660934440204e+00
9.414767985275896978e-01 3.117048566816694333e+01 4.916985085494576246e+00
9.440260474317428985e-01 3.110149788202593157e+01 4.924108495549933906e+00
9.465759704796122831e-01 3.103275677078299921e+01 4.931227847872232672e+00
9.491265681588854086e-01 3.096426127970794440e+01 4.938343099569329375e+00
9.516778409670373362e-01 3.089601035797223005e+01 4.945454208083641667e+00
9.542297894111487766e-01 3.082800295865837015e+01 4.952561131189563426e+00
9.567824140077261230e-01 3.076023803876407925e+01 4.959663826991379310e+00
9.593357152825242595e-01 3.069271455920601355e+01 4.966762253921192638e+00
9.618896937703711458e-01 3.062543148483155875e+01 4.973856370735981081e+00
9.644443500149966209e-01 3.055838778442107539e+01 4.980946136515604472e+00
9.669996845688605402e-01 3.049158243068654528e+01 4.988031510661178558e+00
9.695556979929874641e-01 3.042501440027810844e+01 4.995112452892579213e+00
9.721123908567987915e-01 3.035868267378938867e+01 5.002188923246038144e+00
9.746697637379518886e-01 3.029258623576522069e+01 5.009260882071461474e+00
9.772278172221778858e-01 3.022672407469023170e+01 5.016328290031739634e+00
9.797865519031241366e-01 3.016109518300043746e+01 5.023391108099605873e+00
9.823459683821970101e-01 3.009569855708434005e+01 5.030449297555565913e+00
9.849060672684090134e-01 3.003053319728368464e+01 5.037502819985832048e+00
9.874668491782252477e-01 2.996559810789015543e+01 5.044551637280684453e+00
9.900283147354154156e-01 2.990089229715360730e+01 5.051595711631559737e+00
9.925904645709041629e-01 2.983641477727146807e+01 5.058635005530139672e+00
9.951532993226273049e-01 2.977216456439869674e+01 5.065669481765208815e+00
9.977168196353862761e-01 2.970814067864102981e+01 5.072699103421270728e+00
1.000281026160708464e+00 2.964434214405722656e+01 5.079723833876198746e+00
1.002845919556706100e+00 2.958076798865693391e+01 5.086743636799305968e+00
1.005411500487939813e+00 2.951741724439392911e+01 5.093758476149946368e+00
1.007977769625281184e+00 2.945428894716893353e+01 5.100768316174989714e+00
1.010544727645781071e+00 2.939138213683365564e+01 5.107773121406176564e+00
1.013112375232535944e+00 2.932869585717323346e+01 5.114772856659836719e+00
1.015680713074559094e+00 2.926622915591480378e+01 5.121767487033673127e+00
1.018249741866651181e+00 2.920398108471846399e+01 5.128756977905508663e+00
1.020819462309274783e+00 2.914195069917965597e+01 5.135741294930727285e+00
1.023389875108428937e+00 2.908013705881926114e+01 5.142720404041062565e+00
1.025960980975527903e+00 2.901853922707844902e+01 5.149694271442870175e+00
1.028532780627276821e+00 2.895715627132291559e+01 5.156662863614289272e+00
1.031105274785556469e+00 2.889598726282989460e+01 5.163626147304343661e+00
1.033678464177301359e+00 2.883503127678872247e+01 5.170584089530510852e+00
1.036252349534387163e+00 2.877428739228863819e+01 5.177536657577702428e+00
1.038826931593513470e+00 2.871375469231996291e+01 5.184483818995714088e+00
1.041402211096093433e+00 2.865343226376897334e+01 5.191425541597389781e+00
1.043978188788139860e+00 2.859331919740313310e+01 5.198361793457864977e+00
1.046554865420158631e+00 2.853341458787938834e+01 5.205292542911155174e+00
1.049132241747037897e+00 2.847371753372081216e+01 5.212217758550366398e+00
1.051710318527943278e+00 2.841422713732328376e+01 5.219137409224443580e+00
1.054289096526211722e+00 2.835494250494181401e+01 5.226051464037250405e+00
1.056868576509249369e+00 2.829586274669003387e+01 5.232959892345111719e+00
1.059448759248427629e+00 2.823698697652430667e+01 5.239862663756128747e+00
1.062029645518984600e+00 2.817831431224031036e+01 5.246759748128052792e+00
1.064611236099923586e+00 2.811984387546777597e+01 5.253651115566333019e+00
1.067193531773918291e+00 2.806157479166075319e+01 5.260536736422693593e+00
1.069776533327213341e+00 2.800350619008911224e+01 5.267416581293577593e+00
1.072360241549531912e+00 2.794563720382955552e+01 5.274290621018587366e+00
1.074944657233980028e+00 2.788796696975686729e+01 5.281158826678953311e+00
1.077529781176956192e+00 2.783049462854306810e+01 5.288021169594999016e+00
1.080115614178058792e+00 2.777321932463691212e+01 5.294877621325973394e+00
1.082702157039997504e+00 2.771614020626206809e+01 5.301728153667639276e+00
1.085289410568504698e+00 2.765925642540451790e+01 5.308572738651136547e+00
1.087877375572248395e+00 2.760256713781069138e+01 5.315411348540563630e+00
1.090466052862745228e+00 2.754607150297033868e+01 5.322243955832368201e+00
1.093055443254278725e+00 2.748976868410948882e+01 5.329070533253541520e+00
1.095645547563812494e+00 2.743365784817802933e+01 5.335891053760439817e+00
1.098236366610910508e+00 2.737773816584791930e+01 5.342705490536327595e+00
1.100827901217654947e+00 2.732200881149631044e+01 5.349513816990727477e+00
1.103420152208567373e+00 2.726646896319861213e+01 5.356316006757571913e+00
1.106013120410528128e+00 2.721111780271527891e+01 5.363112033694114267e+00
1.108606806652701504e+00 2.715595451548392703e+01 5.369901871879188882e+00
1.111201211766456698e+00 2.710097829060963193e+01 5.376685495611674526e+00
1.113796336585294755e+00 2.704618832085338553e+01 5.383462879409200319e+00
1.116392181944772410e+00 2.699158380262186796e+01 5.390233998006674021e+00
1.118988748682430812e+00 2.693716393595433445e+01 5.396998826355166479e+00
1.121586037637721800e+00 2.688292792451390767e+01 5.403757339620264943e+00
1.124184049651938189e+00 2.682887497558094836e+01 5.410509513180137731e+00
1.126782785568142486e+00 2.677500430003240695e+01 5.417255322625360137e+00
1.129382246231099618e+00 2.672131511233873269e+01 5.423994743756553660e+00
1.131982432487207202e+00 2.666780663054676737e+01 5.430727752583762502e+00
1.134583345184430270e+00 2.661447807627832063e+01 5.437454325323872517e+00
1.137184985172233764e+00 2.656132867470440573e+01 5.444174438401089944e+00
1.139787353301518369e+00 2.650835765454660020e+01 5.450888068443991763e+00
1.142390450424556558e+00 2.645556424805642237e+01 5.457595192285371155e+00
1.144994277394929094e+00 2.640294769100963990e+01 5.464295786960176038e+00
1.147598835067462630e+00 2.635050722269393830e+01 5.470989829704297591e+00
1.150204124298169317e+00 2.629824208589433709e+01 5.477677297953647439e+00
1.152810145944185738e+00 2.624615152688143738e+01 5.484358169342874234e+00
1.155416900863712737e+00 2.619423479540155242e+01 5.491032421703844868e+00
1.158024389915959018e+00 2.614249114466730006e+01 5.497700033064050196e+00
1.160632613961080972e+00 2.609091983133775017e+01 5.504360981646388318e+00
1.163241573860127609e+00 2.603952011551310264e+01 5.511015245867036505e+00
1.165851270474983270e+00 2.598829126071853324e+01 5.517662804334768190e+00
1.168461704668312784e+00 2.593723253389772054e+01 5.524303635848983873e+00
1.171072877303507731e+00 2.588634320539475553e+01 5.530937719399261709e+00
1.173684789244632265e+00 2.583562254894166799e+01 5.537565034164198430e+00
1.176297441356369822e+00 2.578506984164838656e+01 5.544185559509916317e+00
1.178910834503972271e+00 2.573468436399599568e+01 5.550799274988146514e+00
1.181524969553207960e+00 2.568446539981238175e+01 5.557406160336623380e+00
1.184139847370311749e+00 2.563441223626883314e+01 5.564006195476734362e+00
1.186755468821934389e+00 2.558452416386063177e+01 5.570599360513289966e+00
1.189371834775094783e+00 2.553480047640407591e+01 5.577185635732109681e+00
1.191988946097130686e+00 2.548524047101641798e+01 5.583765001599875433e+00
1.194606803655652305e+00 2.543584344810459896e+01 5.590337438762843725e+00
1.197225408318494111e+00 2.538660871135156327e+01 5.596902928045856207e+00
1.199844760953670431e+00 2.533753556770737703e+01 5.603461450450746284e+00
1.202464862429328818e+00 2.528862332737422491e+01 5.610012987155534425e+00
1.205085713613705645e+00 2.523987130379504507e+01 5.616557519513164287e+00
1.207707315375082580e+00 2.519127881363796106e+01 5.623095029050806382e+00
1.210329668581742846e+00 2.514284517678430575e+01 5.629625497468660811e+00
1.212952774101927922e+00 2.509456971631658817e+01 5.636148906638828393e+00
1.215576632803797574e+00 2.504645175851170436e+01 5.642665238603409072e+00
1.218201245555385670e+00 2.499849063281538264e+01 5.649174475575191146e+00
1.220826613224561541e+00 2.495068567183891517e+01 5.655676599935316240e+00
1.223452736678988906e+00 2.490303621134298595e+01 5.662171594232703775e+00
1.226079616786087012e+00 2.485554159022844800e+01 5.668659441182523295e+00
1.228707254412990446e+00 2.480820115051784214e+01 5.675140123665955549e+00
1.231335650426512940e+00 2.476101423734678164e+01 5.681613624728589329e+00
1.233964805693106959e+00 2.471398019894551012e+01 5.688079927580199424e+00
1.236594721078829062e+00 2.466709838663479459e+01 5.694539015592535947e+00
1.239225397449301491e+00 2.462036815480862018e+01 5.700990872298960177e+00
1.241856835669677972e+00 2.457378886091980164e+01 5.707435481393653198e+00
1.244489036604605969e+00 2.452735986546560554e+01 5.713872826730871601e+00
1.247122001118194490e+00 2.448108053198184209e+01 5.720302892323004151e+00
1.249755730073977000e+00 2.443495022702283137e+01 5.726725662340620637e+00
1.252390224334880120e+00 2.438896832015544547e+01 5.733141121110541860e+00
1.255025484763188093e+00 2.434313418393804085e+01 5.739549253116055461e+00
1.257661512220512590e+00 2.429744719391451468e+01 5.745950042995001894e+00
1.260298307567757625e+00 2.425190672859439900e+01 5.752343475539841933e+00
1.262935871665090026e+00 2.420651216945346107e+01 5.758729535694837587e+00
1.265574205371907235e+00 2.416126290090451789e+01 5.765108208557439440e+00
1.268213309546806888e+00 2.411615831029309120e+01 5.771479479376185218e+00
1.270853185047556178e+00 2.407119778788313269e+01 5.777843333549996352e+00
1.273493832731062536e+00 2.402638072684874970e+01 5.784199756626644984e+00
1.276135253453344331e+00 2.398170652325078223e+01 5.790548734303372136e+00
1.278777448069501999e+00 2.393717457603717946e+01 5.796890252424138801e+00
1.281420417433688952e+00 2.389278428701913271e+01 5.803224296980320496e+00
1.284064162399085163e+00 2.384853506086179920e+01 5.809550854109354567e+00
1.286708683817868293e+00 2.380442630507601720e+01 5.815869910093237394e+00
1.289353982541187715e+00 2.376045743000046429e+01 5.822181451358395599e+00
1.292000059419137203e+00 2.371662784879182695e+01 5.828485464474432831e+00
1.294646915300729395e+00 2.367293697740813840e+01 5.834781936153852655e+00
1.297294551033869592e+00 2.362938423460000337e+01 5.841070853250660555e+00
1.299942967465330446e+00 2.358596904189870713e+01 5.847352202759432238e+00
1.302592165440727534e+00 2.354269082359962795e+01 5.853625971815054285e+00
1.305242145804495379e+00 2.349954900675246705e+01 5.859892147691496689e+00
1.307892909399862136e+00 2.345654302114529699e+01 5.866150717801493109e+00
1.310544457068825608e+00 2.341367229930563454e+01 5.872401669693742221e+00
1.313196789652132601e+00 2.337093627645979055e+01 5.878644991056216185e+00
1.315849907989252721e+00 2.332833439054691738e+01 5.884880669711487045e+00
1.318503812918358831e+00 2.328586608220253851e+01 5.891108693616511793e+00
1.321158505276302186e+00 2.324353079473154082e+01 5.897329050863990396e+00
1.323813985898593115e+00 2.320132797410927239e+01 5.903541729679599115e+00
1.326470255619377925e+00 2.315925706896227254e+01 5.909746718422226763e+00
1.329127315271419363e+00 2.311731753055968852e+01 5.915944005582653098e+00
1.331785165686073524e+00 2.307550881280566202e+01 5.922133579782089541e+00
1.334443807693272754e+00 2.303383037221121654e+01 5.928315429773753031e+00
1.337103242121503222e+00 2.299228166789926675e+01 5.934489544439562003e+00
1.339763469797786710e+00 2.295086216157864101e+01 5.940655912791426907e+00
1.342424491547659748e+00 2.290957131754601761e+01 5.946814523968394717e+00
1.345086308195156066e+00 2.286840860266206832e+01 5.952965367237672112e+00
1.347748920562788388e+00 2.282737348634157115e+01 5.959108431993533905e+00
1.350412329471528450e+00 2.278646544054449308e+01 5.965243707756138214e+00
1.353076535740789454e+00 2.274568393976608149e+01 5.971371184170473967e+00
1.355741540188409866e+00 2.270502846101480898e+01 5.977490851007136285e+00
1.358407343630634756e+00 2.266449848381231646e+01 5.983602698159836919e+00
1.361073946882098706e+00 2.262409349017050531e+01 5.989706715646327062e+00
1.363741350755809156e+00 2.258381296459000254e+01 5.995802893606145823e+00
1.366409556063130859e+00 2.254365639404126398e+01 6.001891222300954176e+00
1.369078563613768562e+00 2.250362326795628931e+01 6.007971692113319051e+00
1.371748374215752131e+00 2.246371307821037533e+01 6.014044293546993991e+00
1.374418988675419451e+00 2.242392531911964682e+01 6.020109017224823056e+00
1.377090407797403548e+00 2.238425948742614580e+01 6.026165853888530322e+00
1.379762632384615939e+00 2.234471508227883518e+01 6.032214794399173741e+00
1.382435663238230861e+00 2.230529160523300902e+01 6.038255829734763935e+00
1.385109501157673506e+00 2.226598856023185036e+01 6.044288950990656772e+00
1.387784146940604257e+00 2.222680545359644100e+01 6.050314149378627882e+00
1.390459601382905142e+00 2.218774179401448521e+01 6.056331416226187869e+00
1.393135865278664731e+00 2.214879709252855022e+01 6.062340742975957930e+00
1.395812939420167487e+00 2.210997086252251265e+01 6.068342121185343885e+00
1.398490824597878213e+00 2.207126261971683334e+01 6.074335542524853970e+00
1.401169521600430956e+00 2.203267188214860539e+01 6.080320998778778296e+00
1.403849031214614129e+00 2.199419817016829981e+01 6.086298481843309460e+00
1.406529354225360517e+00 2.195584100641672975e+01 6.092267983727712277e+00
1.409210491415733735e+00 2.191759991582687306e+01 6.098229496551676121e+00
1.411892443566916455e+00 2.187947442560825095e+01 6.104183012545359333e+00
1.414575211458198867e+00 2.184146406523234063e+01 6.110128524049311949e+00
1.417258795866966903e+00 2.180356836642216578e+01 6.116066023513724303e+00
1.419943197568691584e+00 2.176578686314454814e+01 6.121995503497319469e+00
1.422628417336918361e+00 2.172811909159436539e+01 6.127916956667447401e+00
1.425314455943254011e+00 2.169056459019223837e+01 6.133830375798127399e+00
1.428001314157358648e+00 2.165312289956127856e+01 6.139735753771373261e+00
1.430688992746935062e+00 2.161579356252621054e+01 6.145633083575016364e+00
1.433377492477716952e+00 2.157857612409470605e+01 6.151522358303330051e+00
1.436066814113459822e+00 2.154147013145561118e+01 6.157403571155008137e+00
1.438756958415932319e+00 2.150447513395866395e+01 6.163276715434078845e+00
1.441447926144905356e+00 2.146759068311144247e+01 6.169141784548097363e+00
1.444139718058143229e+00 2.143081633256011287e+01 6.174998772008922998e+00
1.446832334911393625e+00 2.139415163808773102e+01 6.180847671430713675e+00
1.449525777458381182e+00 2.135759615760160912e+01 6.186688476529666580e+00
1.452220046450795943e+00 2.132114945111562321e+01 6.192521181124594598e+00
1.454915142638287140e+00 2.128481108074636552e+01 6.198345779135275180e+00
1.457611066768451868e+00 2.124858061070332482e+01 6.204162264581790431e+00
1.460307819586830425e+00 2.121245760727344987e+01 6.209970631584759815e+00
1.463005401836895869e+00 2.117644163881570307e+01 6.215770874363990117e+00
1.465703814260047810e+00 2.114053227574451554e+01 6.221562987238907105e+00
1.468403057595602634e+00 2.110472909052607093e+01 6.227346964626955028e+00
1.471103132580788397e+00 2.106903165766525277e+01 6.233122801043484706e+00
1.473804039950736389e+00 2.103343955369563290e+01 6.238890491101187763e+00
1.476505780438474691e+00 2.099795235716321429e+01 6.244650029510522948e+00
1.479208354774919076e+00 2.096256964863117034e+01 6.250401411076770053e+00
1.481911763688869677e+00 2.092729101065363650e+01 6.256144630702126008e+00
1.484616007907001878e+00 2.089211602777545806e+01 6.261879683383554607e+00
1.487321088153861215e+00 2.085704428651453313e+01 6.267606564213517473e+00
1.490027005151854933e+00 2.082207537536240238e+01 6.273325268377733188e+00
1.492733759621249323e+00 2.078720888476541617e+01 6.279035791156093005e+00
1.495441352280160618e+00 2.075244440711633587e+01 6.284738127921916551e+00
1.498149783844551441e+00 2.071778153674963718e+01 6.290432274140576041e+00
1.500859055028222810e+00 2.068321986992372530e+01 6.296118225370313404e+00
1.503569166542810809e+00 2.064875900481428062e+01 6.301795977261202886e+00
1.506280119097780590e+00 2.061439854151088369e+01 6.307465525553624275e+00
1.508991913400420382e+00 2.058013808199655870e+01 6.313126866079509902e+00
1.511704550155836602e+00 2.054597723014851596e+01 6.318779994760159724e+00
1.514418030066950083e+00 2.051191559171829581e+01 6.324424907607419932e+00
1.517132353834490521e+00 2.047795277432851080e+01 6.330061600722174830e+00
1.519847522156991149e+00 2.044408838746236157e+01 6.335690070293989784e+00
1.522563535730784512e+00 2.041032204245874127e+01 6.341310312599885535e+00
1.525280395249999810e+00 2.037665335249075937e+01 6.346922324005856986e+00
1.527998101406556009e+00 2.034308193256651975e+01 6.352526100964687394e+00
1.530716654890159623e+00 2.030960739951567007e+01 6.358121640016179299e+00
1.533436056388299162e+00 2.027622937198465536e+01 6.363708937785895081e+00
1.536156306586243359e+00 2.024294747041945541e+01 6.369287990986046921e+00
1.538877406167034945e+00 2.020976131706446211e+01 6.374858796413656492e+00
1.541599355811489991e+00 2.017667053594652060e+01 6.380421350951229975e+00
1.544322156198190354e+00 2.014367475287110310e+01 6.385975651565413358e+00
1.547045808003484568e+00 2.011077359541112486e+01 6.391521695306874307e+00
1.549770311901482067e+00 2.007796669289698954e+01 6.397059479310004626e+00
1.552495668564050968e+00 2.004525367640821543e+01 6.402589000792353602e+00
1.555221878660813850e+00 2.001263417876512207e+01 6.408110257054065784e+00
1.557948942859146202e+00 1.998010783451937655e+01 6.413623245477532819e+00
1.560676861824173534e+00 1.994767427994649367e+01 6.419127963526691794e+00
1.563405636218768491e+00 1.991533315303232143e+01 6.424624408747392934e+00
1.566135266703546636e+00 1.988308409346981875e+01 6.430112578766009612e+00
1.568865753936866447e+00 1.985092674264939205e+01 6.435592471289137251e+00
1.571597098574826212e+00 1.981886074364702210e+01 6.441064084103715892e+00
1.574329301271261361e+00 1.978688574121590094e+01 6.446527415076527490e+00
1.577062362677740914e+00 1.975500138178214371e+01 6.451982462153035058e+00
1.579796283443569038e+00 1.972320731343307543e+01 6.457429223357475045e+00
1.582531064215779937e+00 1.969150318590746451e+01 6.462867696792649497e+00
1.585266705639137186e+00 1.965988865058766422e+01 6.468297880639386932e+00
1.588003208356131291e+00 1.962836336049653241e+01 6.473719773155190538e+00
1.590740573006979464e+00 1.959692697027896813e+01 6.479133372675557112e+00
1.593478800229622516e+00 1.956557913620259370e+01 6.484538677611983992e+00
1.596217890659724858e+00 1.953431951614453510e+01 6.489935686452403374e+00
1.598957844930670946e+00 1.950314776958594720e+01 6.495324397760285251e+00
1.601698663673565948e+00 1.947206355759814400e+01 6.500704810175183646e+00
1.604440347517234189e+00 1.944106654284304980e+01 6.506076922410837682e+00
1.607182897088217821e+00 1.941015638955724043e+01 6.511440733256113056e+00
1.609926313010774823e+00 1.937933276355239087e+01 6.516796241573101334e+00
1.612670595906879889e+00 1.934859533219301753e+01 6.522143446299177860e+00
1.615415746396222652e+00 1.931794376440237571e+01 6.527482346444192451e+00
1.618161765096205906e+00 1.928737773065281402e+01 6.532812941090326397e+00
1.620908652621947166e+00 1.925689690294598222e+01 6.538135229393780889e+00
1.623656409586276217e+00 1.922650095482005739e+01 6.543449210581723463e+00
1.626405036599735565e+00 1.919618956133042431e+01 6.548754883953899153e+00
1.629154534270578436e+00 1.916596239904842136e+01 6.554052248881076181e+00
1.631904903204771440e+00 1.913581914605235923e+01 6.559341304804877204e+00
1.634656144005991019e+00 1.910575948191752005e+01 6.564622051237768652e+00
1.637408257275625667e+00 1.907578308770767705e+01 6.569894487762813817e+00
1.640161243612773490e+00 1.904588964597387601e+01 6.575158614032155846e+00
1.642915103614244421e+00 1.901607884074008226e+01 6.580414429767805551e+00
1.645669837874559116e+00 1.898635035749684619e+01 6.585661934761048109e+00
1.648425446985949616e+00 1.895670388319469168e+01 6.590901128871887948e+00
1.651181931538357350e+00 1.892713910623852414e+01 6.596132012028331992e+00
1.653939292119436688e+00 1.889765571647694031e+01 6.601354584226584166e+00
1.656697529314552941e+00 1.886825340519739669e+01 6.606568845530206069e+00
1.659456643706783696e+00 1.883893186511325268e+01 6.611774796070720939e+00
1.662216635876917703e+00 1.880969079036479741e+01 6.616972436045767125e+00
1.664977506403458429e+00 1.878052987650635686e+01 6.622161765719713600e+00
1.667739255862621617e+00 1.875144882050160788e+01 6.627342785422817073e+00
1.670501884828337058e+00 1.872244732070844364e+01 6.632515495552278040e+00
1.673265393872249041e+00 1.869352507688718035e+01 6.637679896569122384e+00
1.676029783563718123e+00 1.866468179017941509e+01 6.642835989000319685e+00
1.678795054469820469e+00 1.863591716310585866e+01 6.647983773437549537e+00
1.681561207155349846e+00 1.860723089955979503e+01 6.653123250536740585e+00
1.684328242182816959e+00 1.857862270480054079e+01 6.658254421017605118e+00
1.687096160112453003e+00 1.855009228544267685e+01 6.663377285663979244e+00
1.689864961502208107e+00 1.852163934945424018e+01 6.668491845322517264e+00
1.692634646907754892e+00 1.849326360614568188e+01 6.673598100903082475e+00
1.695405216882486465e+00 1.846496476616452753e+01 6.678696053378113895e+00
1.698176671977520868e+00 1.843674254148703895e+01 6.683785703782542775e+00
1.700949012741700628e+00 1.840859664541554963e+01 6.688867053212678826e+00
1.703722239721594756e+00 1.838052679256497868e+01 6.693940102827091287e+00
1.706496353461498305e+00 1.835253269886510097e+01 6.699004853844609642e+00
1.709271354503437257e+00 1.832461408154071592e+01 6.704061307546362869e+00
1.712047243387166295e+00 1.829677065911746681e+01 6.709109465273172646e+00
1.714824020650173697e+00 1.826900215141119688e+01 6.714149328425920160e+00
1.717601686827679774e+00 1.824130827951924516e+01 6.719180898465608287e+00
1.720380242452640873e+00 1.821368876581315632e+01 6.724204176913125330e+00
1.723159688055749594e+00 1.818614333393330540e+01 6.729219165348721887e+00
1.725940024165437903e+00 1.815867170878607340e+01 6.734225865410984113e+00
1.728721251307877127e+00 1.813127361653437220e+01 6.739224278797050438e+00
1.731503370006981291e+00 1.810394878458794921e+01 6.744214407262883348e+00
1.734286380784408443e+00 1.807669694160190943e+01 6.749196252622025050e+00
1.737070284159562883e+00 1.804951781746615680e+01 6.754169816746036226e+00
1.739855080649595598e+00 1.802241114330456284e+01 6.759135101563166437e+00
1.742640770769408709e+00 1.799537665146324272e+01 6.764092109059011371e+00
1.745427355031655914e+00 1.796841407550758518e+01 6.769040841275589138e+00
1.748214833946745150e+00 1.794152315021033317e+01 6.773981300312049925e+00
1.751003208022839264e+00 1.791470361155643687e+01 6.778913488322340974e+00
1.753792477765860669e+00 1.788795519672435930e+01 6.783837407517165019e+00
1.756582643679492461e+00 1.786127764408912100e+01 6.788753060161987207e+00
1.759373706265179749e+00 1.783467069321052634e+01 6.793660448577758082e+00
1.762165666022132537e+00 1.780813408483007620e+01 6.798559575140039613e+00
1.764958523447329286e+00 1.778166756086356770e+01 6.803450442278946575e+00
1.767752279035517349e+00 1.775527086439621272e+01 6.808333052478629632e+00
1.770546933279216528e+00 1.772894373967413273e+01 6.813207408277421884e+00
1.773342486668721074e+00 1.770268593210254693e+01 6.818073512266765945e+00
1.776138939692102570e+00 1.767649718823490090e+01 6.822931367091823240e+00
1.778936292835211930e+00 1.765037725577233729e+01 6.827780975450178147e+00
1.781734546581683176e+00 1.762432588355052232e+01 6.832622340092884272e+00
1.784533701412932993e+00 1.759834282154151452e+01 6.837455463822730728e+00
1.787333757808167389e+00 1.757242782084549759e+01 6.842280349494413549e+00
1.790134716244381696e+00 1.754658063368071197e+01 6.847097000015007318e+00
1.792936577196364345e+00 1.752080101338304274e+01 6.851905418342711940e+00
1.795739341136697975e+00 1.749508871439781998e+01 6.856705607486980547e+00
1.798543008535764764e+00 1.746944349227463888e+01 6.861497570508166888e+00
1.801347579861747095e+00 1.744386510366108212e+01 6.866281310517316605e+00
1.804153055580631770e+00 1.741835330629991674e+01 6.871056830675371430e+00
1.806959436156211574e+00 1.739290785901875225e+01 6.875824134193759818e+00
1.809766722050088594e+00 1.736752852172501704e+01 6.880583224333999048e+00
1.812574913721678227e+00 1.734221505540904928e+01 6.885334104405799849e+00
1.815384011628211169e+00 1.731696722212402051e+01 6.890076777769513328e+00
1.818194016224734977e+00 1.729178478499659022e+01 6.894811247832805634e+00
1.821004927964120279e+00 1.726666750820523788e+01 6.899537518053437068e+00
1.823816747297060781e+00 1.724161515698457237e+01 6.904255591937142000e+00
1.826629474672079034e+00 1.721662749762217715e+01 6.908965473036927207e+00
1.829443110535525996e+00 1.719170429744627171e+01 6.913667164954111044e+00
1.832257655331587687e+00 1.716684532482263137e+01 6.918360671337612899e+00
1.835073109502286748e+00 1.714205034915150350e+01 6.923045995883263970e+00
1.837889473487485104e+00 1.711731914085771677e+01 6.927723142334401452e+00
1.840706747724887737e+00 1.709265147139330310e+01 6.932392114480098400e+00
1.843524932650046022e+00 1.706804711322205392e+01 6.937052916156836169e+00
1.846344028696361494e+00 1.704350583982552436e+01 6.941705551246111661e+00
1.849164036295086966e+00 1.701902742568545790e+01 6.946350023676497898e+00
1.851984955875332073e+00 1.699461164628926468e+01 6.950986337421395156e+00
1.854806787864066164e+00 1.697025827812256438e+01 6.955614496499176624e+00
1.857629532686120966e+00 1.694596709865628981e+01 6.960234504974425640e+00
1.860453190764193021e+00 1.692173788635160037e+01 6.964846366955768531e+00
1.863277762518849689e+00 1.689757042065252435e+01 6.969450086596045146e+00
1.866103248368530476e+00 1.687346448197707360e+01 6.974045668092800909e+00
1.868929648729551474e+00 1.684941985171277423e+01 6.978633115687911115e+00
1.871756964016107139e+00 1.682543631221824754e+01 6.983212433666091457e+00
1.874585194640276509e+00 1.680151364680838100e+01 6.987783626356513622e+00
1.877414341012024090e+00 1.677765163975977103e+01 6.992346698130580407e+00
1.880244403539204967e+00 1.675385007629490630e+01 6.996901653403755361e+00
1.883075382627567018e+00 1.673010874258923764e+01 7.001448496633047469e+00
1.885907278680756027e+00 1.670642742575707373e+01 7.005987232318488189e+00
1.888740092100317902e+00 1.668280591384840505e+01 7.010517865002625193e+00
1.891573823285703115e+00 1.665924399584785931e+01 7.015040399269509841e+00
1.894408472634268925e+00 1.663574146166829593e+01 7.019554839744793995e+00
1.897244040541285148e+00 1.661229810214443958e+01 7.024061191095774426e+00
1.900080527399936159e+00 1.658891370902868800e+01 7.028559458031066853e+00
1.902917933601325107e+00 1.656558807499119368e+01 7.033049645299433550e+00
1.905756259534476582e+00 1.654232099360456587e+01 7.037531757691583678e+00
1.908595505586342167e+00 1.651911225934773597e+01 7.042005800038313446e+00
1.911435672141802877e+00 1.649596166760706950e+01 7.046471777209134757e+00
1.914276759583673382e+00 1.647286901465334807e+01 7.050929694115609436e+00
1.917118768292704445e+00 1.644983409765560012e+01 7.055379555707554928e+00
1.919961698647588477e+00 1.642685671466395902e+01 7.059821366975243428e+00
1.922805551024962201e+00 1.640393666461559974e+01 7.064255132947132587e+00
1.925650325799411755e+00 1.638107374732135213e+01 7.068680858691372748e+00
1.928496023343473365e+00 1.635826776346384293e+01 7.073098549315047556e+00
1.931342644027640665e+00 1.633551851459926851e+01 7.077508209962747543e+00
1.934190188220366924e+00 1.631282580314311303e+01 7.081909845818247007e+00
1.937038656288068816e+00 1.629018943236940586e+01 7.086303462103560769e+00
1.939888048595130199e+00 1.626760920641658004e+01 7.090689064076737047e+00
1.942738365503906550e+00 1.624508493026462475e+01 7.095066657035207669e+00
1.945589607374728303e+00 1.622261640974210550e+01 7.099436246313373999e+00
1.948441774565905504e+00 1.620020345152534702e+01 7.103797837281679683e+00
1.951294867433729818e+00 1.617784586312093964e+01 7.108151435348967873e+00
1.954148886332480739e+00 1.615554345287772620e+01 7.112497045959105257e+00
1.957003831614428702e+00 1.613329602996737577e+01 7.116834674593689236e+00
1.959859703629838190e+00 1.611110340439026345e+01 7.121164326769880759e+00
1.962716502726971735e+00 1.608896538697429079e+01 7.125486008039592534e+00
1.965574229252095906e+00 1.606688178934912870e+01 7.129799723993466287e+00
1.968432883549482648e+00 1.604485242397267797e+01 7.134105480254699927e+00
1.971292465961415052e+00 1.602287710410687183e+01 7.138403282482724599e+00
1.974152976828189576e+00 1.600095564381810220e+01 7.142693136372129104e+00
1.977014416488122484e+00 1.597908785797514142e+01 7.146975047652027513e+00
1.979876785277551621e+00 1.595727356223865279e+01 7.151249022087118767e+00
1.982740083530841524e+00 1.593551257307000135e+01 7.155515065474947534e+00
1.985604311580386971e+00 1.591380470771782996e+01 7.159773183647531347e+00
1.988469469756617425e+00 1.589214978421264668e+01 7.164023382471432555e+00
1.991335558388001026e+00 1.587054762136873265e+01 7.168265667846394962e+00
1.994202577801048593e+00 1.584899803877287816e+01 7.172500045706559746e+00
1.997070528320316729e+00 1.582750085679554708e+01 7.176726522017292886e+00
1.999939410268413376e+00 1.580605589656654075e+01 7.180945102778994560e+00
2.002809223966001362e+00 1.578466297998668111e+01 7.185155794023826203e+00
2.005679969731802625e+00 1.576332192971810819e+01 7.189358601816652872e+00
2.008551647882600655e+00 1.574203256917805582e+01 7.193553532255292815e+00
2.011424258733247150e+00 1.572079472254129051e+01 7.197740591469104388e+00
2.014297802596664688e+00 1.569960821473435608e+01 7.201919785619138814e+00
2.017172279783851607e+00 1.567847287142324575e+01 7.206091120899629665e+00
2.020047690603883783e+00 1.565738851902821871e+01 7.210254603534131057e+00
2.022924035363923068e+00 1.563635498469863983e+01 7.214410239779537548e+00
2.025801314369216843e+00 1.561537209632356671e+01 7.218558035923054561e+00
2.028679527923105130e+00 1.559443968252845814e+01 7.222697998281921272e+00
2.031558676327023694e+00 1.557355757265832175e+01 7.226830133205803364e+00
2.034438759880508485e+00 1.555272559678866529e+01 7.230954447073713709e+00
2.037319778881198751e+00 1.553194358571854927e+01 7.235070946294475114e+00
2.040201733624844138e+00 1.551121137095574198e+01 7.239179637308725823e+00
2.043084624405303806e+00 1.549052878473091432e+01 7.243280526585202495e+00
2.045968451514555753e+00 1.546989565998097049e+01 7.247373620623152490e+00
2.048853215242698145e+00 1.544931183035107836e+01 7.251458925951014933e+00
2.051738915877955094e+00 1.542877713019024277e+01 7.255536449126396725e+00
2.054625553706677099e+00 1.540829139454267427e+01 7.259606196736907435e+00
2.057513129013351261e+00 1.538785445915632089e+01 7.263668175397568483e+00
2.060401642080600837e+00 1.536746616046967340e+01 7.267722391752550415e+00
2.063291093189191017e+00 1.534712633560743278e+01 7.271768852475154254e+00
2.066181482618032472e+00 1.532683482238667771e+01 7.275807564265693195e+00
2.069072810644186244e+00 1.530659145929837806e+01 7.279838533854333882e+00
2.071965077542868183e+00 1.528639608552358986e+01 7.283861767996968162e+00
2.074858283587452945e+00 1.526624854091141259e+01 7.287877273478757800e+00
2.077752429049476657e+00 1.524614866599014462e+01 7.291885057111043622e+00
2.080647514198644021e+00 1.522609630195083774e+01 7.295885125733777343e+00
2.083543539302829650e+00 1.520609129065300102e+01 7.299877486213517841e+00
2.086440504628085169e+00 1.518613347462262197e+01 7.303862145443000387e+00
2.089338410438640103e+00 1.516622269704391179e+01 7.307839110341912914e+00
2.092237256996908989e+00 1.514635880175340432e+01 7.311808387857250402e+00
2.095137044563494921e+00 1.512654163324469891e+01 7.315769984961534078e+00
2.098037773397191330e+00 1.510677103665947207e+01 7.319723908653775091e+00
2.100939443754991309e+00 1.508704685778821641e+01 7.323670165958481526e+00
2.103842055892085838e+00 1.506736894306526686e+01 7.327608763925859137e+00
2.106745610061873553e+00 1.504773713955771264e+01 7.331539709633186241e+00
2.109650106515959855e+00 1.502815129498421243e+01 7.335463010180235166e+00
2.112555545504166243e+00 1.500861125768547666e+01 7.339378672694387262e+00
2.115461927274530307e+00 1.498911687663738768e+01 7.343286704327169900e+00
2.118369252073312836e+00 1.496966800144393872e+01 7.347187112254899510e+00
2.121277520145000040e+00 1.495026448233282146e+01 7.351079903678734873e+00
2.124186731732308875e+00 1.493090617015626087e+01 7.354965085823737425e+00
2.127096887076191933e+00 1.491159291638489215e+01 7.358842665939278938e+00
2.130007986415840548e+00 1.489232457309912583e+01 7.362712651300024724e+00
2.132920029988687904e+00 1.487310099300121813e+01 7.366575049202683800e+00
2.135833018030417030e+00 1.485392202939758555e+01 7.370429866968820853e+00
2.138746950774961242e+00 1.483478753620269686e+01 7.374277111943253082e+00
2.141661828454511252e+00 1.481569736793524683e+01 7.378116791494082172e+00
2.144577651299516052e+00 1.479665137971220723e+01 7.381948913013098412e+00
2.147494419538691801e+00 1.477764942725436192e+01 7.385773483913912862e+00
2.150412133399021375e+00 1.475869136687403049e+01 7.389590511633656433e+00
2.153330793105762808e+00 1.473977705547049766e+01 7.393400003633146866e+00
2.156250398882449293e+00 1.472090635054399854e+01 7.397201967393311151e+00
2.159170950950896728e+00 1.470207911017255320e+01 7.400996410419110383e+00
2.162092449531207272e+00 1.468329519301967068e+01 7.404783340237227840e+00
2.165014894841772897e+00 1.466455445833062221e+01 7.408562764396076084e+00
2.167938287099279382e+00 1.464585676592627905e+01 7.412334690466316545e+00
2.170862626518711647e+00 1.462720197620777718e+01 7.416099126039152445e+00
2.173787913313357745e+00 1.460858995014370976e+01 7.419856078728201076e+00
2.176714147694812862e+00 1.459002054927359637e+01 7.423605556168058506e+00
2.179641329872982869e+00 1.457149363570508527e+01 7.427347566014129043e+00
2.182569460056089650e+00 1.455300907210583183e+01 7.431082115943551614e+00
2.185498538450675543e+00 1.453456672171269659e+01 7.434809213652620485e+00
2.188428565261606451e+00 1.451616644831377023e+01 7.438528866859697608e+00
2.191359540692076280e+00 1.449780811625718790e+01 7.442241083302721272e+00
2.194291464943612269e+00 1.447949159044144096e+01 7.445945870740453998e+00
2.197224338216078099e+00 1.446121673631923521e+01 7.449643236950992176e+00
2.200158160707679222e+00 1.444298341988787193e+01 7.453333189733022834e+00
2.203092932614965527e+00 1.442479150769109175e+01 7.457015736904741843e+00
2.206028654132837108e+00 1.440664086681721301e+01 7.460690886303526170e+00
2.208965325454547379e+00 1.438853136489284168e+01 7.464358645786535185e+00
2.211902946771708844e+00 1.437046287008031875e+01 7.468019023230520581e+00
2.214841518274294430e+00 1.435243525108230322e+01 7.471672026530232102e+00
2.217781040150645477e+00 1.433444837712755593e+01 7.475317663600590912e+00
2.220721512587472635e+00 1.431650211797919425e+01 7.478955942374358123e+00
2.223662935769863402e+00 1.429859634392612122e+01 7.482586870803185519e+00
2.226605309881281691e+00 1.428073092578008563e+01 7.486210456857550710e+00
2.229548635103577148e+00 1.426290573487951363e+01 7.489826708525290755e+00
2.232492911616986486e+00 1.424512064307903891e+01 7.493435633813084529e+00
2.235438139600137930e+00 1.422737552274782580e+01 7.497037240746117881e+00
2.238384319230055208e+00 1.420967024677810464e+01 7.500631537365683776e+00
2.241331450682163329e+00 1.419200468856613817e+01 7.504218531732411712e+00
2.244279534130291687e+00 1.417437872202510363e+01 7.507798231922975241e+00
2.247228569746677618e+00 1.415679222157007366e+01 7.511370646032518472e+00
2.250178557701971727e+00 1.413924506212108767e+01 7.514935782173349565e+00
2.253129498165242328e+00 1.412173711910655172e+01 7.518493648473656421e+00
2.256081391303977224e+00 1.410426826845068859e+01 7.522044253079366527e+00
2.259034237284092139e+00 1.408683838657196397e+01 7.525587604153858301e+00
2.261988036269929836e+00 1.406944735039421879e+01 7.529123709875067405e+00
2.264942788424268993e+00 1.405209503732497822e+01 7.532652578439241964e+00
2.267898493908325097e+00 1.403478132526890221e+01 7.536174218057603902e+00
2.270855152881756656e+00 1.401750609261504010e+01 7.539688636958302936e+00
2.273812765502667865e+00 1.400026921823836901e+01 7.543195843385491983e+00
2.276771331927613051e+00 1.398307058150201598e+01 7.546695845598244468e+00
2.279730852311602440e+00 1.396591006224656795e+01 7.550188651872121071e+00
2.282691326808104826e+00 1.394878754079234717e+01 7.553674270498098586e+00
2.285652755569050676e+00 1.393170289794165839e+01 7.557152709781493449e+00
2.288615138744839239e+00 1.391465601496025251e+01 7.560623978045136084e+00
2.291578476484339877e+00 1.389764677359813128e+01 7.564088083624525005e+00
2.294542768934899168e+00 1.388067505606951535e+01 7.567545034871319132e+00
2.297508016242340911e+00 1.386374074505930842e+01 7.570994840151407779e+00
2.300474218550974559e+00 1.384684372371633465e+01 7.574437507845696693e+00
2.303441376003596552e+00 1.382998387564967580e+01 7.577873046350272368e+00
2.306409488741495650e+00 1.381316108493764183e+01 7.581301464073981755e+00
2.309378556904456037e+00 1.379637523611437366e+01 7.584722769440566559e+00
2.312348580630763539e+00 1.377962621416770617e+01 7.588136970888528232e+00
2.315319560057206960e+00 1.376291390454552221e+01 7.591544076869248592e+00
2.318291495319084738e+00 1.374623819314175854e+01 7.594944095849260002e+00
2.321264386550206726e+00 1.372959896631086529e+01 7.598337036306734404e+00
2.324238233882899962e+00 1.371299611084760706e+01 7.601722906735024488e+00
2.327213037448013111e+00 1.369642951399710107e+01 7.605101715640047111e+00
2.330188797374919130e+00 1.367989906344609174e+01 7.608473471541484123e+00
2.333165513791518819e+00 1.366340464732598114e+01 7.611838182971639277e+00
2.336143186824247486e+00 1.364694615420780899e+01 7.615195858475858337e+00
2.339121816598077608e+00 1.363052347309981904e+01 7.618546506612497993e+00
2.342101403236521939e+00 1.361413649344684806e+01 7.621890135952475553e+00
2.345081946861639288e+00 1.359778510512970762e+01 7.625226755078862162e+00
2.348063447594037179e+00 1.358146919845844103e+01 7.628556372587691925e+00
2.351045905552877180e+00 1.356518866417033742e+01 7.631878997087840233e+00
2.354029320855877572e+00 1.354894339344079413e+01 7.635194637198240208e+00
2.357013693619319117e+00 1.353273327786050828e+01 7.638503301552014513e+00
2.359999023958046838e+00 1.351655820944961839e+01 7.641804998793039871e+00
2.362985311985477566e+00 1.350041808064960414e+01 7.645099737577078614e+00
2.365972557813598609e+00 1.348431278432026303e+01 7.648387526571847950e+00
2.368960761552977967e+00 1.346824221374270003e+01 7.651668374455883104e+00
2.371949923312762998e+00 1.345220626261134278e+01 7.654942289919645759e+00
2.374940043200688855e+00 1.343620482503307834e+01 7.658209281665167900e+00
2.377931121323078045e+00 1.342023779553446161e+01 7.661469358404063179e+00
2.380923157784848865e+00 1.340430506904499630e+01 7.664722528860421491e+00
2.383916152689516288e+00 1.338840654090613747e+01 7.667968801768443754e+00
2.386910106139197296e+00 1.337254210686409905e+01 7.671208185873409136e+00
2.389905018234614431e+00 1.335671166307321478e+01 7.674440689930468906e+00
2.392900889075099791e+00 1.334091510608844899e+01 7.677666322705661628e+00
2.395897718758599471e+00 1.332515233286076928e+01 7.680885092976366124e+00
2.398895507381677561e+00 1.330942324075020267e+01 7.684097009528115585e+00
2.401894255039518367e+00 1.329372772750834208e+01 7.687302081157682210e+00
2.404893961825933069e+00 1.327806569128138392e+01 7.690500316671936787e+00
2.407894627833361945e+00 1.326243703061241597e+01 7.693691724886905448e+00
2.410896253152879254e+00 1.324684164443133838e+01 7.696876314629328419e+00
2.413898837874195458e+00 1.323127943206571722e+01 7.700054094733943977e+00
2.416902382085662992e+00 1.321575029322325534e+01 7.703225074046581966e+00
2.419906885874280711e+00 1.320025412800363718e+01 7.706389261421263903e+00
2.422912349325694770e+00 1.318479083688991871e+01 7.709546665721468628e+00
2.425918772524205291e+00 1.316936032074506002e+01 7.712697295820364118e+00
2.428926155552769917e+00 1.315396248081660069e+01 7.715841160599370419e+00
2.431934498493006469e+00 1.313859721873047981e+01 7.718978268948944788e+00
2.434943801425198284e+00 1.312326443648762009e+01 7.722108629768801080e+00
2.437954064428296874e+00 1.310796403647225539e+01 7.725232251965746144e+00
2.440965287579926368e+00 1.309269592143340155e+01 7.728349144456981179e+00
2.443977470956388398e+00 1.307745999449824836e+01 7.731459316166907847e+00
2.446990614632664318e+00 1.306225615916504346e+01 7.734562776028113262e+00
2.450004718682419202e+00 1.304708431929575774e+01 7.737659532982399391e+00
2.453019783178006730e+00 1.303194437912667247e+01 7.740749595978179798e+00
2.456035808190472736e+00 1.301683624325605848e+01 7.743832973972509137e+00
2.459052793789559210e+00 1.300175981664252589e+01 7.746909675930977457e+00
2.462070740043706518e+00 1.298671500461754569e+01 7.749979710824714374e+00
2.465089647020060504e+00 1.297170171286264839e+01 7.753043087634557295e+00
2.468109514784472491e+00 1.295671984742395111e+01 7.756099815347678117e+00
2.471130343401506835e+00 1.294176931470487801e+01 7.759149902958587752e+00
2.474152132934440473e+00 1.292685002145964823e+01 7.762193359470041187e+00
2.477174883445271369e+00 1.291196187480339930e+01 7.765230193890516830e+00
2.480198594994719397e+00 1.289710478220238699e+01 7.768260415235786809e+00
2.483223267642230780e+00 1.288227865146719786e+01 7.771284032529857555e+00
2.486248901445981208e+00 1.286748339076867964e+01 7.774301054801280308e+00
2.489275496462882042e+00 1.285271890861621991e+01 7.777311491087161244e+00
2.492303052748580328e+00 1.283798511387010421e+01 7.780315350430194954e+00
2.495331570357467665e+00 1.282328191573506615e+01 7.783312641879558846e+00
2.498361049342677109e+00 1.280860922375552136e+01 7.786303374491460261e+00
2.501391489756093822e+00 1.279396694782137622e+01 7.789287557327522649e+00
2.504422891648354632e+00 1.277935499816198650e+01 7.792265199455591151e+00
2.507455255068853361e+00 1.276477328534173594e+01 7.795236309950225539e+00
2.510488580065743935e+00 1.275022172026837985e+01 7.798200897890566807e+00
2.513522866685943491e+00 1.273570021417624609e+01 7.801158972363358757e+00
2.516558114975138594e+00 1.272120867864155436e+01 7.804110542459400612e+00
2.519594534550990250e+00 1.271397443714687725e+01 7.805583827089179749e+00
