sr b Me
0.000000000000000000e+00 8.999999476441352897e+01 2.826841859248063749e+00
4.631730080208378919e-04 8.991444488791049139e+01 2.826845475643276373e+00
9.977717470791341772e-04 8.980698629361371843e+01 2.826860265321770260e+00
1.647205556890129390e-03 8.968933325264295320e+01 2.826889543631885271e+00
2.381464065280466599e-03 8.956453045464412810e+01 2.826935551786202261e+00
3.183829599941786354e-03 8.943412851079735049e+01 2.827000067441892472e+00
4.043951843025499725e-03 8.929908610364009292e+01 2.827084591687467174e+00
4.954727363408238314e-03 8.916006123637195913e+01 2.827190437395258105e+00
5.910925224319146624e-03 8.901753662803369593e+01 2.827318779141857252e+00
6.908499793631224344e-03 8.887188325554610913e+01 2.827470684566231185e+00
7.944208576616618514e-03 8.872339620941394855e+01 2.827647135523888355e+00
9.015381672082815878e-03 8.857231654826510692e+01 2.827849043113634053e+00
1.011977372372365076e-02 8.841884541872448722e+01 2.828077258778793901e+00
1.125546406723326731e-02 8.826315360472119664e+01 2.828332582765386238e+00
1.242078668104009895e-02 8.810538822832843664e+01 2.828615770729124623e+00
1.361427943764866033e-02 8.794567759700697707e+01 2.828927539003578406e+00
1.483464633944484717e-02 8.778413480065933072e+01 2.829268568873809730e+00
1.608072877343866280e-02 8.762086043961011228e+01 2.829639510094435373e+00
1.735148320298650002e-02 8.745594473263207647e+01 2.830040983822490475e+00
1.864596356228217025e-02 8.728946917272509154e+01 2.830473585089400945e+00
1.996330715708770354e-02 8.712150784647295154e+01 2.830937884904654034e+00
2.130272322657128514e-02 8.695212849878610939e+01 2.831434432061359363e+00
2.266348355687786489e-02 8.678139340196736384e+01 2.831963754697734093e+00
2.404491469893849445e-02 8.660936007231913436e+01 2.832526361656727332e+00
2.544639145649142675e-02 8.643608186648897629e+01 2.833122743677155775e+00
2.686733139130014977e-02 8.626160848188487762e+01 2.833753374443059414e+00
2.830719015136128752e-02 8.608598637978704460e+01 2.834418711512852518e+00
2.976545747123086200e-02 8.590925914558572174e+01 2.835119197145863357e+00
3.124165372597039608e-02 8.573146779744344315e+01 2.835855259040769738e+00
3.273532694470115273e-02 8.555265105231706002e+01 2.836627310997920759e+00
3.424605020849015580e-02 8.537284555647087814e+01 2.837435753515595405e+00
3.577341937177743597e-02 8.519208608622075474e+01 2.838280974328641904e+00
3.731705105786382176e-02 8.501040572356478719e+01 2.839163348896645900e+00
3.887658088788877031e-02 8.482783601050532241e+01 2.840083240847692370e+00
4.045166190980588328e-02 8.464440708519200030e+01 2.841041002382959757e+00
4.204196319953122651e-02 8.446014780247733711e+01 2.842036974646606762e+00
4.364716861100968043e-02 8.427508584104299416e+01 2.843071488064825125e+00
4.526697565565623166e-02 8.408924779890415380e+01 2.844144862657431272e+00
4.690109449466151742e-02 8.390265927881409880e+01 2.845257408324931792e+00
4.854924703014428661e-02 8.371534496485668342e+01 2.846409425113613167e+00
5.021116608319512592e-02 8.352732869132098870e+01 2.847601203460933483e+00
5.188659464856872072e-02 8.333863350479353471e+01 2.848833024423196303e+00
5.357528521721382359e-02 8.314928172026854725e+01 2.850105159887255102e+00
5.527699915903103861e-02 8.295929497196708269e+01 2.851417872767838979e+00
5.699150615926203145e-02 8.276869425946050285e+01 2.852771417191858117e+00
5.871858370277155403e-02 8.257749998961584481e+01 2.854166038670959082e+00
6.045801660121277732e-02 8.238573201481244723e+01 2.855601974263415332e+00
6.220959655868957966e-02 8.219340966782307589e+01 2.857079452726370317e+00
6.397312177206258832e-02 8.200055179370330904e+01 2.858598694659317374e+00
6.574839656250416886e-02 8.180717677899146167e+01 2.860159912639626878e+00
6.753523103530381655e-02 8.161330257848507586e+01 2.861763311350848493e+00
6.933344076526734567e-02 8.141894673982929476e+01 2.863409087704458234e+00
7.114284650535053489e-02 8.122412642612529510e+01 2.865097430955637847e+00
7.296327391642704052e-02 8.102885843674359023e+01 2.866828522813623881e+00
7.479455331631626458e-02 8.083315922650690766e+01 2.868602537547153997e+00
7.663651944639432445e-02 8.063704492338951013e+01 2.870419642085409340e+00
7.848901125428575654e-02 8.044053134486395606e+01 2.872279996114913914e+00
8.035187169128596429e-02 8.024363401301333454e+01 2.874183752172733808e+00
8.222494752329892465e-02 8.004636816851436265e+01 2.876131055736326214e+00
8.410808915419500098e-02 7.984874878358647265e+01 2.878122045310367305e+00
8.600115046059822466e-02 7.965079057399265139e+01 2.880156852510820098e+00
8.790398863720697009e-02 7.945250801016938169e+01 2.882235602146530518e+00
8.981646405183517368e-02 7.925391532755564583e+01 2.884358412298580365e+00
9.173844010943599248e-02 7.905502653618491138e+01 2.886525394397616129e+00
9.366978312443609289e-02 7.885585542959719874e+01 2.888736653299376567e+00
9.561036220076832293e-02 7.865641559312412312e+01 2.890992287358573609e+00
9.756004911904452015e-02 7.845672041159456001e+01 2.893292388501342849e+00
9.951871823035716991e-02 7.825678307650457555e+01 2.895637042296367980e+00
1.014862463562431899e-01 7.805661659269141239e+01 2.898026328024880804e+00
1.034625126943807955e-01 7.785623378454822330e+01 2.900460318749620292e+00
1.054473987296260795e-01 7.765564730181273490e+01 2.902939081382911013e+00
1.074407881500285544e-01 7.745486962496077865e+01 2.905462676753950646e+00
1.094425667674919223e-01 7.725391307023274123e+01 2.908031159675410926e+00
1.114526224427741380e-01 7.705278979431901121e+01 2.910644579009460386e+00
1.134708450145439640e-01 7.685151179872828209e+01 2.913302977733289723e+00
1.154971262322323639e-01 7.665009093386093753e+01 2.916006393004197506e+00
1.175313596924373316e-01 7.644853890280774067e+01 2.918754856224346828e+00
1.195734407786589459e-01 7.624686726489271393e+01 2.921548393105219965e+00
1.216232666041566074e-01 7.604508743897793011e+01 2.924387023731860769e+00
1.236807359577367649e-01 7.584321070654611674e+01 2.927270762626934086e+00
1.257457492522925657e-01 7.564124821457617998e+01 2.930199618814674167e+00
1.278182084759289794e-01 7.543921097822588706e+01 2.933173595884738472e+00
1.298980171455196286e-01 7.523710988333417049e+01 2.936192692056031284e+00
1.319850802625509023e-01 7.503495568875568722e+01 2.939256900240521997e+00
1.340793042711194982e-01 7.483275902853849004e+01 2.942366208107080716e+00
1.361805970179585379e-01 7.463053041395561138e+01 2.945520598145369373e+00
1.382888677143749023e-01 7.442828023540012339e+01 2.948720047729810556e+00
1.404040268999889318e-01 7.422601876415298250e+01 2.951964529183639385e+00
1.425259864081747097e-01 7.402375615403221332e+01 2.955254009843089946e+00
1.446546593331043684e-01 7.382150244293131891e+01 2.958588452121685197e+00
1.467899599983078784e-01 7.361926755425463398e+01 2.961967813574674313e+00
1.489318039266637472e-01 7.341706129825642790e+01 2.965392046963620576e+00
1.510801078117421925e-01 7.321489337329049363e+01 2.968861100321136259e+00
1.532347894904263763e-01 7.301277336697634723e+01 2.972374917015774720e+00
1.553957679167431438e-01 7.281071075728789310e+01 2.975933435817089023e+00
1.575629631368367367e-01 7.260871491356991214e+01 2.979536590960844666e+00
1.597362962650250573e-01 7.240679509748763110e+01 2.983184312214391731e+00
1.619156894608803909e-01 7.220496046391409095e+01 2.986876524942193356e+00
1.641010659072798528e-01 7.200322006175984768e+01 2.990613150171510970e+00
1.662923497893744607e-01 7.180158283474933967e+01 2.994394104658222311e+00
1.684894662744288452e-01 7.160005762214792924e+01 2.998219300952785993e+00
1.706923414924851334e-01 7.139865315944331314e+01 3.002088647466333082e+00
1.729009025178087910e-01 7.119737807898495419e+01 3.006002048536871474e+00
1.751150773510753156e-01 7.099624091058487352e+01 3.009959404495606616e+00
1.773347949022594794e-01 7.079525008208297265e+01 3.013960611733349282e+00
1.795599849741907617e-01 7.059441391987976999e+01 3.018005562767013039e+00
1.817905782467410525e-01 7.039374064943950771e+01 3.022094146306170348e+00
1.840265062616115999e-01 7.019323839576632906e+01 3.026226247319679707e+00
1.862677014076888349e-01 6.999291518385560096e+01 3.030401747102334120e+00
1.885140969069402095e-01 6.979277893912342279e+01 3.034620523341540199e+00
1.907656268008221523e-01 6.959283748781585643e+01 3.038882450184014150e+00
1.930222259371741356e-01 6.939309855740052058e+01 3.043187398302448887e+00
1.952838299575748171e-01 6.919356977694205568e+01 3.047535234962168715e+00
1.975503752851357209e-01 6.899425867746373342e+01 3.051925824087734718e+00
1.998217991127115289e-01 6.879517269229670262e+01 3.056359026329491080e+00
2.020980393915050299e-01 6.859631915741849184e+01 3.060834699130020820e+00
2.043790348200474061e-01 6.839770531178253066e+01 3.065352696790519360e+00
2.066647248335346798e-01 6.819933829763995448e+01 3.069912870537034877e+00
2.089550495935024454e-01 6.800122516085518498e+01 3.074515068586578526e+00
2.112499499778218437e-01 6.780337285121640889e+01 3.079159136213085901e+00
2.135493675710009309e-01 6.760578822274239030e+01 3.083844915813195087e+00
2.158532446547758443e-01 6.740847803398652616e+01 3.088572246971839075e+00
2.181615241989770804e-01 6.721144894833932426e+01 3.093340966527624136e+00
2.204741498526577859e-01 6.701470753433039818e+01 3.098150908637980372e+00
2.227910659354701839e-01 6.681826026593041945e+01 3.103001904844060466e+00
2.251122174292782274e-01 6.662211352285477517e+01 3.107893784135376425e+00
2.274375499699945180e-01 6.642627359086871763e+01 3.112826373014152992e+00
2.297670098396303873e-01 6.623074666209545569e+01 3.117799495559369305e+00
2.321005439585483165e-01 6.603553883532774194e+01 3.122812973490487032e+00
2.344380998779068970e-01 6.584065611634341053e+01 3.127866626230839220e+00
2.367796257722886433e-01 6.564610441822547671e+01 3.132960270970666983e+00
2.391250704325015020e-01 6.545188956168775007e+01 3.138093722729772495e+00
2.414743832585454220e-01 6.525801727540584807e+01 3.143266794419792731e+00
2.438275142527362993e-01 6.506449319635456163e+01 3.148479296906066871e+00
2.461844140129788028e-01 6.487132287015168686e+01 3.153731039069078701e+00
2.485450337261810583e-01 6.467851175140893361e+01 3.159021827865464260e+00
2.509093251618046971e-01 6.448606520409013854e+01 3.164351468388559852e+00
2.532772406655426911e-01 6.429398850187699566e+01 3.169719763928497080e+00
2.556487331531193674e-01 6.410228682854284443e+01 3.175126516031802293e+00
2.580237561042069694e-01 6.391096527833446572e+01 3.180571524560503960e+00
2.604022635564521848e-01 6.372002885636231184e+01 3.186054587750736022e+00
2.627842100996080621e-01 6.352948247899926315e+01 3.191575502270810105e+00
2.651695508697659021e-01 6.333933097428804615e+01 3.197134063278757043e+00
2.675582415436828509e-01 6.314957908235755468e+01 3.202730064479322181e+00
2.699502383331995325e-01 6.296023145584805292e+01 3.208363298180391787e+00
2.723454979797454989e-01 6.277129266034539512e+01 3.214033555348865256e+00
2.747439777489260049e-01 6.258276717482430485e+01 3.219740625665926448e+00
2.771456354251879972e-01 6.239465939210081302e+01 3.225484297581732385e+00
2.795504293065610435e-01 6.220697361929381941e+01 3.231264358369502432e+00
2.819583181994704257e-01 6.201971407829568506e+01 3.237080594178988857e+00
2.843692614136175134e-01 6.183288490625207601e+01 3.242932790089330108e+00
2.867832187569272495e-01 6.164649015605071725e+01 3.248820730161273929e+00
2.892001505305566988e-01 6.146053379681931261e+01 3.254744197488762314e+00
2.916200175239642700e-01 6.127501971443221152e+01 3.260702974249872987e+00
2.940427810100358919e-01 6.108995171202613506e+01 3.266696841757108505e+00
2.964684027402668676e-01 6.090533351052450683e+01 3.272725580507023224e+00
2.988968449399949656e-01 6.072116874917047369e+01 3.278788970229192579e+00
3.013280703036860242e-01 6.053746098606843162e+01 3.284886789934500229e+00
3.037620419902665736e-01 6.035421369873395037e+01 3.291018817962765741e+00
3.061987236185038652e-01 6.017143028465189758e+01 3.297184832029670165e+00
3.086380792624311420e-01 5.998911406184267037e+01 3.303384609273021688e+00
3.110800734468154305e-01 5.980726826943632091e+01 3.309617926298307200e+00
3.135246711426684096e-01 5.962589606825437016e+01 3.315884559223571060e+00
3.159718377627965258e-01 5.944500054139927414e+01 3.322184283723585541e+00
3.184215391573909093e-01 5.926458469485110214e+01 3.328516875073333381e+00
3.208737416096547057e-01 5.908465145807153363e+01 3.334882108190779348e+00
3.233284118314675437e-01 5.890520368461469047e+01 3.341279757678950801e+00
3.257855169590849198e-01 5.872624415274475496e+01 3.347709597867304154e+00
3.282450245488727769e-01 5.854777556606017441e+01 3.354171402852398565e+00
3.307069025730756673e-01 5.836980055412404056e+01 3.360664946537851083e+00
3.331711194156171674e-01 5.819232167310069315e+01 3.367190002673600357e+00
3.356376438679327667e-01 5.801534140639811454e+01 3.373746344894455795e+00
3.381064451248341207e-01 5.783886216531593760e+01 3.380333746757947289e+00
3.405774927804031127e-01 5.766288628969893892e+01 3.386951981781464394e+00
3.430507568239166694e-01 5.748741604859556276e+01 3.393600823478705841e+00
3.455262076358006640e-01 5.731245364092145422e+01 3.400280045395414952e+00
3.480038159836122968e-01 5.713800119612762529e+01 3.406989421144421826e+00
3.504835530180510639e-01 5.696406077487308295e+01 3.413728724439991424e+00
3.529653902689978695e-01 5.679063436970164958e+01 3.420497729131475317e+00
3.554492996415808959e-01 5.661772390572273395e+01 3.427296209236259994e+00
3.579352534122696716e-01 5.644533124129576152e+01 3.434123938972057921e+00
3.604232242249946205e-01 5.627345816871819295e+01 3.440980692788471629e+00
3.629131850872941989e-01 5.610210641491659089e+01 3.447866245397917417e+00
3.654051093664877903e-01 5.593127764214083442e+01 3.454780371805838524e+00
3.678989707858744129e-01 5.576097344866096250e+01 3.461722847340265030e+00
3.703947434209571288e-01 5.559119536946656837e+01 3.468693447680696096e+00
3.728924016956938758e-01 5.542194487696841776e+01 3.475691948886323157e+00
3.753919203787727255e-01 5.525322338170212788e+01 3.482718127423587440e+00
3.778932745799125636e-01 5.508503223303360841e+01 3.489771760193087324e+00
3.803964397461893077e-01 5.491737271986603020e+01 3.496852624555833788e+00
3.829013916583871024e-01 5.475024607134821508e+01 3.503960498358864584e+00
3.854081064273736090e-01 5.458365345758395648e+01 3.511095159960216261e+00
3.879165604905014941e-01 5.441759599034240580e+01 3.518256388253269140e+00
3.904267306080336231e-01 5.425207472376889939e+01 3.525443962690463895e+00
3.929385938595934546e-01 5.408709065509637526e+01 3.532657663306388418e+00
3.954521276406401387e-01 5.392264472535691056e+01 3.539897270740268720e+00
3.979673096589679271e-01 5.375873782009325907e+01 3.547162566257836325e+00
4.004841179312309540e-01 5.359537077007018979e+01 3.554453331772597036e+00
4.030025307794917744e-01 5.343254435198539909e+01 3.561769349866519718e+00
4.055225268277954376e-01 5.327025928917975506e+01 3.569110403810114907e+00
4.080440849987672092e-01 5.310851625234677442e+01 3.576476277581944530e+00
4.105671845102361051e-01 5.294731586024104075e+01 3.583866755887563649e+00
4.130918048718817404e-01 5.278665868038535791e+01 3.591281624177879550e+00
4.156179258819073796e-01 5.262654522977659610e+01 3.598720668666967271e+00
4.181455276237364127e-01 5.246697597558985393e+01 3.606183676349320688e+00
4.206745904627340882e-01 5.230795133588088675e+01 3.613670435016563154e+00
4.232050950429541158e-01 5.214947168028659519e+01 3.621180733273622998e+00
4.257370222839099161e-01 5.199153733072333949e+01 3.628714360554376572e+00
4.282703533773703497e-01 5.183414856208307953e+01 3.636271107136762826e+00
4.308050697841809273e-01 5.167730560292686448e+01 3.643850764157393396e+00
4.333411532311095549e-01 5.152100863617588544e+01 3.651453123625646224e+00
4.358785857077169812e-01 5.136525779979972128e+01 3.659077978437265344e+00
4.384173494632523926e-01 5.121005318750155766e+01 3.666725122387457514e+00
4.409574270035741539e-01 5.105539484940043593e+01 3.674394350183523894e+00
4.434988010880949738e-01 5.090128279271030465e+01 3.682085457456989452e+00
4.460414547267526064e-01 5.074771698241561069e+01 3.689798240775283844e+00
4.485853711770054764e-01 5.059469734194350821e+01 3.697532497652950667e+00
4.511305339408528958e-01 5.044222375383237988e+01 3.705288026562399306e+00
4.536769267618810386e-01 5.029029606039667044e+01 3.713064626944223345e+00
4.562245336223333947e-01 5.013891406438781218e+01 3.720862099217069563e+00
4.587733387402063712e-01 4.998807752965122120e+01 3.728680244787066833e+00
4.613233265663706506e-01 4.983778618177908726e+01 3.736518866056865562e+00
4.638744817817166410e-01 4.968803970875909215e+01 3.744377766434218824e+00
4.664267892943256277e-01 4.953883776161874408e+01 3.752256750340182023e+00
4.689802342366660159e-01 4.939017995506530667e+01 3.760155623216908438e+00
4.715348019628144427e-01 4.924206586812121600e+01 3.768074191535045969e+00
4.740904780457016465e-01 4.909449504475492887e+01 3.776012262800746200e+00
4.766472482743844274e-01 4.894746699450703176e+01 3.783969645562303086e+00
4.792050986513415878e-01 4.880098119311161042e+01 3.791946149416417278e+00
4.817640153897951305e-01 4.865503708311278075e+01 3.799941585014096290e+00
4.843239849110568818e-01 4.850963407447617470e+01 3.807955764066197624e+00
4.868849938418994272e-01 4.836477154519559463e+01 3.815988499348625940e+00
4.894470290119525835e-01 4.822044884189443792e+01 3.824039604707187401e+00
4.920100774511241837e-01 4.807666528042204135e+01 3.832108895062103393e+00
4.945741263870458981e-01 4.793342014644483839e+01 3.840196186412212942e+00
4.971391632425440910e-01 4.779071269603218042e+01 3.848301295838830072e+00
4.997051756331349903e-01 4.764854215623691402e+01 3.856424041509316947e+00
5.022721513645445057e-01 4.750690772567058673e+01 3.864564242680320394e+00
5.048400784302533584e-01 4.736580857507311038e+01 3.872721719700735310e+00
5.074089450090654152e-01 4.722524384787709550e+01 3.880896294014354986e+00
5.099787394627021131e-01 4.708521266076667189e+01 3.889087788162247428e+00
5.125494503334199203e-01 4.694571410423060343e+01 3.897296025784845686e+00
5.151210663416527780e-01 4.680674724311006685e+01 3.905520831623769062e+00
5.176935763836785220e-01 4.666831111714056846e+01 3.913762031523373874e+00
5.202669695293097307e-01 4.653040474148840389e+01 3.922019452432044861e+00
5.228412350196082192e-01 4.639302710728131984e+01 3.930292922403235245e+00
5.254163622646238485e-01 4.625617718213355545e+01 3.938582270596257651e+00
5.279923408411572039e-01 4.611985391066516371e+01 3.946887327276830337e+00
5.305691604905455883e-01 4.598405621501551366e+01 3.955207923817391613e+00
5.331468111164729962e-01 4.584878299535117208e+01 3.963543892697182880e+00
5.357252827828038466e-01 4.571403313036793037e+01 3.971895067502110965e+00
5.383045657114399196e-01 4.557980547778705471e+01 3.980261282924384858e+00
5.408846502802003853e-01 4.544609887484582345e+01 3.988642374761955267e+00
5.434655270207253697e-01 4.531291213878221669e+01 3.997038179917726364e+00
5.460471866164027244e-01 4.518024406731384346e+01 4.005448536398585446e+00
5.486296199003170004e-01 4.504809343911106367e+01 4.013873283314234541e+00
5.512128178532225142e-01 4.491645901426434762e+01 4.022312260875814616e+00
5.537967716015380626e-01 4.478533953474580187e+01 4.030765310394375689e+00
5.563814724153645086e-01 4.465473372486496828e+01 4.039232274279132007e+00
5.589669117065249049e-01 4.452464029171881066e+01 4.047712996035576438e+00
5.615530810266268213e-01 4.439505792563598163e+01 4.056207320263404803e+00
5.641399720651475436e-01 4.426598530061528436e+01 4.064715092654276773e+00
5.667275766475393661e-01 4.413742107475842147e+01 4.073236159989437333e+00
5.693158867333590889e-01 4.400936389069709520e+01 4.081770370137148163e+00
5.719048944144181634e-01 4.388181237601421003e+01 4.090317572050012451e+00
5.744945919129540446e-01 4.375476514365965386e+01 4.098877615762113180e+00
5.770849715798236357e-01 4.362822079236015327e+01 4.107450352386047498e+00
5.796760258927176057e-01 4.350217790702370735e+01 4.116035634109793229e+00
5.822677474543966891e-01 4.337663505913820927e+01 4.124633314193468792e+00
5.848601289909474144e-01 4.325159080716463933e+01 4.133243246965956352e+00
5.874531633500598149e-01 4.312704369692455231e+01 4.141865287821388186e+00
5.900468434993263456e-01 4.300299226198213631e+01 4.150499293215544228e+00
5.926411625245588954e-01 4.287943502402066542e+01 4.159145120662112838e+00
5.952361136281294485e-01 4.275637049321352379e+01 4.167802628728838776e+00
5.978316901273281747e-01 4.263379716858977986e+01 4.176471677033584129e+00
6.004278854527426157e-01 4.251171353839433209e+01 4.185152126240264892e+00
6.030246931466572979e-01 4.239011808044261898e+01 4.193843838054704953e+00
6.056221068614716652e-01 4.226900926247009949e+01 4.202546675220379946e+00
6.082201203581391047e-01 4.214838554247626234e+01 4.211260501514087373e+00
6.108187275046237374e-01 4.202824536906354780e+01 4.219985181741503055e+00
6.134179222743778581e-01 4.190858718177079112e+01 4.228720581732689610e+00
6.160176987448371388e-01 4.178940941140169230e+01 4.237466568337479700e+00
6.186180510959355949e-01 4.167071048034799929e+01 4.246223009420816652e+00
6.212189736086393133e-01 4.155248880290757540e+01 4.254989773858007140e+00
6.238204606634969451e-01 4.143474278559741464e+01 4.263766731529893939e+00
6.264225067392118484e-01 4.131747082746157673e+01 4.272553753317981595e+00
6.290251064112285517e-01 4.120067132037417679e+01 4.281350711099470630e+00
6.316282543503400904e-01 4.108434264933740820e+01 4.290157477742252645e+00
6.342319453213124403e-01 4.096848319277456341e+01 4.298973927099831727e+00
6.368361741815254939e-01 4.085309132281829392e+01 4.307799934006195208e+00
6.394409358796333542e-01 4.073816540559402455e+01 4.316635374270626713e+00
6.420462254542400604e-01 4.062370380149850746e+01 4.325480124672473892e+00
6.446520380325938548e-01 4.050970486547375771e+01 4.334334062955861988e+00
6.472583688292984361e-01 4.039616694727615709e+01 4.343197067824365654e+00
6.498652131450395331e-01 4.028308839174109579e+01 4.352069018935630140e+00
6.524725663653301311e-01 4.017046753904279655e+01 4.360949796895967623e+00
6.550804239592703526e-01 4.005830272494979738e+01 4.369839283254893125e+00
6.576887814783251018e-01 3.994659228107576610e+01 4.378737360499646236e+00
6.602976345551168080e-01 3.983533453512593780e+01 4.387643912049662198e+00
6.629069789022342674e-01 3.972452781113914710e+01 4.396558822251019016e+00
6.655168103110584710e-01 3.961417042972541225e+01 4.405481976370857922e+00
6.681271246506017558e-01 3.950426070829931291e+01 4.414413260591768307e+00
6.707379178663651631e-01 3.939479696130902653e+01 4.423352562006159339e+00
6.733491859792085643e-01 3.928577750046112982e+01 4.432299768610587165e+00
6.759609250842369965e-01 3.917720063494131466e+01 4.441254769300096328e+00
6.785731313497035400e-01 3.906906467163087626e+01 4.450217453862500783e+00
6.811858010159229648e-01 3.896136791531916543e+01 4.459187712972678241e+00
6.837989303942049180e-01 3.885410866891202630e+01 4.468165438186838756e+00
6.864125158657969905e-01 3.874728523363622656e+01 4.477150521936773764e+00
6.890265538808458823e-01 3.864089590923995132e+01 4.486142857524104244e+00
6.916410409573701124e-01 3.853493899418943869e+01 4.495142339114504892e+00
6.942559736802474957e-01 3.842941278586175713e+01 4.504148861731933629e+00
6.968713487002174967e-01 3.832431558073370326e+01 4.513162321252852216e+00
6.994871627328953512e-01 3.821964567456720374e+01 4.522182614400423795e+00
7.021034125578012874e-01 3.811540136259070266e+01 4.531209638738725509e+00
7.047200950174019596e-01 3.801158093967714535e+01 4.540243292666954922e+00
7.073372070161658698e-01 3.790818270051823191e+01 4.549283475413629318e+00
7.099547455196317802e-01 3.780520493979515351e+01 4.558330087030785904e+00
7.125727075534888932e-01 3.770264595234581151e+01 4.567383028388189992e+00
7.151910902026717975e-01 3.760050403332862601e+01 4.576442201167536084e+00
7.178098906104655175e-01 3.749877747838280584e+01 4.585507507856661391e+00
7.204291059776251060e-01 3.739746458378541405e+01 4.594578851743762904e+00
7.230487335615065625e-01 3.729656364660493040e+01 4.603656136911615349e+00
7.256687706752096290e-01 3.719607296485170878e+01 4.612739268231795364e+00
7.282892146867334660e-01 3.709599083762507377e+01 4.621828151358932324e+00
7.309100630181426528e-01 3.699631556525731213e+01 4.630922692724944056e+00
7.335313131447471768e-01 3.689704544945441000e+01 4.640022799533300102e+00
7.361529625942913047e-01 3.679817879343389109e+01 4.649128379753284968e+00
7.387750089461556646e-01 3.669971390205937212e+01 4.658239342114289805e+00
7.413974498305704319e-01 3.660164908197227618e+01 4.667355596100096982e+00
7.440202829278386165e-01 3.650398264172051910e+01 4.676477051943193963e+00
7.466435059675715635e-01 3.640671289188422577e+01 4.685603620619103182e+00
7.492671167279340017e-01 3.630983814519866826e+01 4.694735213840714572e+00
7.518911130349009708e-01 3.621335671667431910e+01 4.703871744052648296e+00
7.545154927615250751e-01 3.611726692371407665e+01 4.713013124425629030e+00
7.571402538272131721e-01 3.602156708622779746e+01 4.722159268850878000e+00
7.597653941970147207e-01 3.592625552674404332e+01 4.731310091934534334e+00
7.623909118809190089e-01 3.583133057051929171e+01 4.740465508992072863e+00
7.650168049331643738e-01 3.573679054564436797e+01 4.749625436042773430e+00
7.676430714515543041e-01 3.564263378314836928e+01 4.758789789804183101e+00
7.702697095767859770e-01 3.554885861710003780e+01 4.767958487686621005e+00
7.728967174917881211e-01 3.545546338470663983e+01 4.777131447787692053e+00
7.755240934210660964e-01 3.536244642641031533e+01 4.786308588886829085e+00
7.781518356300598516e-01 3.526980608598205436e+01 4.795489830439861656e+00
7.807799424245080999e-01 3.517754071061330023e+01 4.804675092573597261e+00
7.834084121498231523e-01 3.508564865100512975e+01 4.813864296080446081e+00
7.860372431904755208e-01 3.499412826145518096e+01 4.823057362413046611e+00
7.886664339693846282e-01 3.490297789994229305e+01 4.832254213678939259e+00
7.912959829473220630e-01 3.481219592820888664e+01 4.841454772635256809e+00
7.939258886223198308e-01 3.472178071184118409e+01 4.850658962683431774e+00
7.965561495290904848e-01 3.463173062034719152e+01 4.859866707863944590e+00
7.991867642384529180e-01 3.454204402723264167e+01 4.869077932851095802e+00
8.018177313567680375e-01 3.445271931007478372e+01 4.878292562947797784e+00
8.044490495253829865e-01 3.436375485059411972e+01 4.887510524080410867e+00
8.070807174200816947e-01 3.427514903472416563e+01 4.896731742793579478e+00
8.097127337505454214e-01 3.418690025267912347e+01 4.905956146245131322e+00
8.123450972598197373e-01 3.409900689901974147e+01 4.915183662200972137e+00
8.149778067237899437e-01 3.401146737271711373e+01 4.924414219030039952e+00
8.176108609506647085e-01 3.392428007721464667e+01 4.933647745699261122e+00
8.202442587804658070e-01 3.383744342048824194e+01 4.942884171768556101e+00
8.228779990845265235e-01 3.375095581510449705e+01 4.952123427385870968e+00
8.255120807649971582e-01 3.366481567827729293e+01 4.961365443282218735e+00
8.281465027543574164e-01 3.357902143192248445e+01 4.970610150766781921e+00
8.307812640149367933e-01 3.349357150271089978e+01 4.979857481722036461e+00
8.334163635384406188e-01 3.340846432211973394e+01 4.989107368598881820e+00
8.360518003454849856e-01 3.332369832648211627e+01 4.998359744411830619e+00
8.386875734851365616e-01 3.323927195703520709e+01 5.007614542734223129e+00
8.413236820344607292e-01 3.315518365996648953e+01 5.016871697693456866e+00
8.439601250980754976e-01 3.307143188645873266e+01 5.026131143966274806e+00
8.465969018077121877e-01 3.298801509273317834e+01 5.035392816774052704e+00
8.492340113217834441e-01 3.290493174009132105e+01 5.044656651878145937e+00
8.518714528249557993e-01 3.282218029495522416e+01 5.053922585575248760e+00
8.545092255277308979e-01 3.273975922890624446e+01 5.063190554692798884e+00
8.571473286660307167e-01 3.265766701872247779e+01 5.072460496584393574e+00
8.597857615007902243e-01 3.257590214641466986e+01 5.081732349125267945e+00
8.624245233175567016e-01 3.249446309926077703e+01 5.091006050707775898e+00
8.650636134260926147e-01 3.241334836983924816e+01 5.100281540236918154e+00
8.677030311599873702e-01 3.233255645606083561e+01 5.109558757125893358e+00
8.703427758762722899e-01 3.225208586119922671e+01 5.118837641291697160e+00
8.729828469550431347e-01 3.217193509392032524e+01 5.128118133150724844e+00
8.756232437990872919e-01 3.209210266831027525e+01 5.137400173614440568e+00
8.782639658335165134e-01 3.201258710390231954e+01 5.146683704085043942e+00
8.809050125054060931e-01 3.193338692570235082e+01 5.155968666451200555e+00
8.835463832834378195e-01 3.185450066421340054e+01 5.165255003083769836e+00
8.861880776575504770e-01 3.177592685545881324e+01 5.174542656831600418e+00
8.888300951385927906e-01 3.169766404100442969e+01 5.183831571017336159e+00
8.914724352579838085e-01 3.161971076797962610e+01 5.193121689433244370e+00
8.941150975673781698e-01 3.154206558909713465e+01 5.202412956337105321e+00
8.967580816383344811e-01 3.146472706267198305e+01 5.211705316448108860e+00
8.994013870619916862e-01 3.138769375263925454e+01 5.220998714942793661e+00
9.020450134487472127e-01 3.131096422857085670e+01 5.230293097451008677e+00
9.046889604279416686e-01 3.123453706569132038e+01 5.239588410051920775e+00
9.073332276475489788e-01 3.115841084489251855e+01 5.248884599270036588e+00
9.099778147738688538e-01 3.108258415274758590e+01 5.258181612071268773e+00
9.126227214912260299e-01 3.100705558152366947e+01 5.267479395859028024e+00
9.152679475016727295e-01 3.093182372919396883e+01 5.276777898470342620e+00
9.179134925246966725e-01 3.085688719944874947e+01 5.286077068172019722e+00
9.205593562969323074e-01 3.078224460170547516e+01 5.295376853656821758e+00
9.232055385718771490e-01 3.070789455111814803e+01 5.304677204039691674e+00
9.258520391196126686e-01 3.063383566858570006e+01 5.313978068853992376e+00
9.284988577265281817e-01 3.056006658075959237e+01 5.323279398047785271e+00
9.311459941950505081e-01 3.048658592005070034e+01 5.332581141980139883e+00
9.337934483433762978e-01 3.041339232463518982e+01 5.341883251417474554e+00
9.364412200052090185e-01 3.034048443845984977e+01 5.351185677529907814e+00
9.390893090295004964e-01 3.026786091124648337e+01 5.360488371887682568e+00
9.417377152801948981e-01 3.019552039849566683e+01 5.369791286457568980e+00
9.443864386359783758e-01 3.012346156148970877e+01 5.379094373599338397e+00
9.470354789900307102e-01 3.005168306729497374e+01 5.388397586062244393e+00
9.496848362497823937e-01 2.998018358876339562e+01 5.397700876981539331e+00
9.523345103366738229e-01 2.990896180453349729e+01 5.407004199875018458e+00
9.549845011859194877e-01 2.983801639903053271e+01 5.416307508639596868e+00
9.576348087462752678e-01 2.976734606246610682e+01 5.425610757547917551e+00
9.602854329798081734e-01 2.969694949083715585e+01 5.434913901244984302e+00
9.629363738616723012e-01 2.962682538592428116e+01 5.444216894744809743e+00
9.655876313798845700e-01 2.955697245528947548e+01 5.453519693427129056e+00
9.682392055351068949e-01 2.948738941227329846e+01 5.462822253034089748e+00
9.708910963404308037e-01 2.941807497599138443e+01 5.472124529667038217e+00
9.735433038211637191e-01 2.934902787133052016e+01 5.481426479783253036e+00
9.761958280146215694e-01 2.928024682894407604e+01 5.490728060192775928e+00
9.788486689699213983e-01 2.921173058524691157e+01 5.500029228055232089e+00
9.815018267477788605e-01 2.914347788240978687e+01 5.509329940876693144e+00
9.841553014203099359e-01 2.907548746835327691e+01 5.518630156506559636e+00
9.868090930708317554e-01 2.900775809674111017e+01 5.527929833134478166e+00
9.894632017936713098e-01 2.894028852697312360e+01 5.537228929287284274e+00
9.921176276939730476e-01 2.887307752417769180e+01 5.546527403825953328e+00
9.947723708875125803e-01 2.880612385920363039e+01 5.555825215942624240e+00
9.974274315005099423e-01 2.873942630861183645e+01 5.565122325157593863e+00
1.000082809669449180e+00 2.867298365466626464e+01 5.574418691316378016e+00
1.002738505540898162e+00 2.860679468532463687e+01 5.583714274586781379e+00
1.005394519271332054e+00 2.854085819422870074e+01 5.593009035455999367e+00
1.008050851026959904e+00 2.847517298069399416e+01 5.602302934727742212e+00
1.010707500983552887e+00 2.840973784969937554e+01 5.611595933519385682e+00
1.013364469326275996e+00 2.834455161187602101e+01 5.620887993259154669e+00
1.016021756249521957e+00 2.827961308349611613e+01 5.630179075683320100e+00
1.018679361956747798e+00 2.821492108646121721e+01 5.639469142833424264e+00
1.021337286660314092e+00 2.815047444829017564e+01 5.648758157053539009e+00
1.023995530581326419e+00 2.808627200210677799e+01 5.658046080987545245e+00
1.026654093949478597e+00 2.802231258662704505e+01 5.667332877576427563e+00
1.029312977002900364e+00 2.795859504614618274e+01 5.676618510055611466e+00
1.031972179988004612e+00 2.789511823052525585e+01 5.685902941952299727e+00
1.034631703159339944e+00 2.783188099517747816e+01 5.695186137082870026e+00
1.037291546779442575e+00 2.776888220105431415e+01 5.704468059550254821e+00
1.039951711118693112e+00 2.770612071463121495e+01 5.713748673741374517e+00
1.042612196455173335e+00 2.764359540789309122e+01 5.723027944324580396e+00
1.045273003074526530e+00 2.758130515831950191e+01 5.732305836247124198e+00
1.047934131269820268e+00 2.751924884886962275e+01 5.741582314732662340e+00
1.050595581341410067e+00 2.745742536796691979e+01 5.750857345278756583e+00
1.053257353596805945e+00 2.739583360948354951e+01 5.760130893654426210e+00
1.055919448350539858e+00 2.733447247272462377e+01 5.769402925897707313e+00
1.058581865924038468e+00 2.727334086241207345e+01 5.778673408313239612e+00
1.061244606645493027e+00 2.721243768866850488e+01 5.787942307469860381e+00
1.063907670849735254e+00 2.715176186700060867e+01 5.797209590198254325e+00
1.066571058878114098e+00 2.709131231828251885e+01 5.806475223588598134e+00
1.069234771078371837e+00 2.703108796873891251e+01 5.815739174988225457e+00
1.071898807804527509e+00 2.697108774992790714e+01 5.825001411999331857e+00
1.074563169416755448e+00 2.691131059872377662e+01 5.834261902476692185e+00
1.077227856281271823e+00 2.685175545729948610e+01 5.843520614525392176e+00
1.079892868770218728e+00 2.679242127310903854e+01 5.852777516498588462e+00
1.082558207261552274e+00 2.673330699886966499e+01 5.862032576995296118e+00
1.085223872138931345e+00 2.667441159254384786e+01 5.871285764858185097e+00
1.087889863791609235e+00 2.661573401732114519e+01 5.880537049171397967e+00
1.090556182614324632e+00 2.655727324159995817e+01 5.889786399258401417e+00
1.093222829007197916e+00 2.649902823896901083e+01 5.899033784679843073e+00
1.095889803375625027e+00 2.644099798818885461e+01 5.908279175231430536e+00
1.098557106130176209e+00 2.638318147317308160e+01 5.917522540941845044e+00
1.101224737686494981e+00 2.632557768296950940e+01 5.926763852070650707e+00
1.103892698465198219e+00 2.626818561174119182e+01 5.936003079106253466e+00
1.106560988891778674e+00 2.621100425874734441e+01 5.945240192763839637e+00
1.109229609396508387e+00 2.615403262832411713e+01 5.954475163983385499e+00
1.111898560414345205e+00 2.609726972986528892e+01 5.963707963927629585e+00
1.114567842384837082e+00 2.604071457780285570e+01 5.972938563980110693e+00
1.117237455752032371e+00 2.598436619158749394e+01 5.982166935743193470e+00
1.119907400964388788e+00 2.592822359566892487e+01 5.991393051036138395e+00
1.122577678474682816e+00 2.587228581947627504e+01 6.000616881893162891e+00
1.125248288739925551e+00 2.581655189739819534e+01 6.009838400561545058e+00
1.127919232221272106e+00 2.576102086876307951e+01 6.019057579499725641e+00
1.130590509383940789e+00 2.570569177781903392e+01 6.028274391375447294e+00
1.133262120697126285e+00 2.565056367371389712e+01 6.037488809063895623e+00
1.135934066633919715e+00 2.559563561047513858e+01 6.046700805645869536e+00
1.138606347671225816e+00 2.554090664698969704e+01 6.055910354405950713e+00
1.141278964289684117e+00 2.548637584698379754e+01 6.065117428830721025e+00
1.143951916973591221e+00 2.543204227900259440e+01 6.074322002606970194e+00
1.146625206210821535e+00 2.537790501638994201e+01 6.083524049619933649e+00
1.149298832492753331e+00 2.532396313726794546e+01 6.092723543951535703e+00
1.151972796314192360e+00 2.527021572451659281e+01 6.101920459878667380e+00
1.154647098173299025e+00 2.521666186575323820e+01 6.111114771871465123e+00
1.157321738571515768e+00 2.516330065331213817e+01 6.120306454591612599e+00
1.159996718013494688e+00 2.511013118422390633e+01 6.129495482890658486e+00
1.162672037007029369e+00 2.505715256019492188e+01 6.138681831808354694e+00
1.165347696062983829e+00 2.500436388758675577e+01 6.147865476570996357e+00
1.168023695695224573e+00 2.495176427739555791e+01 6.157046392589791139e+00
1.170700036420555312e+00 2.489935284523133419e+01 6.166224555459250745e+00
1.173376718758648574e+00 2.484712871129739753e+01 6.175399940955559330e+00
1.176053743231983306e+00 2.479509100036958813e+01 6.184572525035022750e+00
1.178731110365778489e+00 2.474323884177562505e+01 6.193742283832469830e+00
1.181408820687932515e+00 2.469157136937438324e+01 6.202909193659700726e+00
1.184086874728960348e+00 2.464008772153518478e+01 6.212073231003949481e+00
1.186765273021931355e+00 2.458878704111707592e+01 6.221234372526348366e+00
1.189444016102412238e+00 2.453766847544809337e+01 6.230392595060424199e+00
1.192123104508405529e+00 2.448673117630456986e+01 6.239547875610595540e+00
1.194802538780292522e+00 2.443597429989037906e+01 6.248700191350687660e+00
1.197482319460776212e+00 2.438539700681623401e+01 6.257849519622462608e+00
1.200162447094824669e+00 2.433499846207899608e+01 6.266995837934167035e+00
1.202842922229616418e+00 2.428477783504092358e+01 6.276139123959090682e+00
1.205523745414484926e+00 2.423473429940905888e+01 6.285279355534137302e+00
1.208204917200865980e+00 2.418486703321445574e+01 6.294416510658416009e+00
1.210886438142244392e+00 2.413517521879163041e+01 6.303550567491829959e+00
1.213568308794102490e+00 2.408565804275783861e+01 6.312681504353702344e+00
1.216250529713868378e+00 2.403631469599247694e+01 6.321809299721397934e+00
1.218933101460866197e+00 2.398714437361650909e+01 6.330933932228965055e+00
1.221616024596267280e+00 2.393814627497186365e+01 6.340055380665788221e+00
1.224299299683039521e+00 2.388931960360088524e+01 6.349173623975256753e+00
1.226982927285901859e+00 2.384066356722583890e+01 6.358288641253439621e+00
1.229666907971275425e+00 2.379217737772838603e+01 6.367400411747782485e+00
1.232351242307237582e+00 2.374386025112915988e+01 6.376508914855814503e+00
1.235035930863477294e+00 2.369571140756729832e+01 6.385614130123855148e+00
1.237720974211248715e+00 2.364773007128008331e+01 6.394716037245761875e+00
1.240406372923327671e+00 2.359991547058257666e+01 6.403814616061654696e+00
1.243092127573968586e+00 2.355226683784729502e+01 6.412909846556678950e+00
1.245778238738860955e+00 2.350478340948392741e+01 6.422001708859773395e+00
1.248464706995087603e+00 2.345746442591910963e+01 6.431090183242448965e+00
1.251151532921083831e+00 2.341030913157620930e+01 6.440175250117570194e+00
1.253838717096595445e+00 2.336331677485520331e+01 6.449256890038169487e+00
1.256526260102640125e+00 2.331648660811253038e+01 6.458335083696257861e+00
1.259214162521466340e+00 2.326981788764107151e+01 6.467409811921636553e+00
1.261902424936515610e+00 2.322330987365009491e+01 6.476481055680758381e+00
1.264591047932384971e+00 2.317696183024531464e+01 6.485548796075551792e+00
1.267280032094787900e+00 2.313077302540897051e+01 6.494613014342298207e+00
1.269969378010517458e+00 2.308474273097996843e+01 6.503673691850489824e+00
1.272659086267411421e+00 2.303887022263406337e+01 6.512730810101707846e+00
1.275349157454315430e+00 2.299315477986407785e+01 6.521784350728540680e+00
1.278039592161047899e+00 2.294759568596023769e+01 6.530834295493457731e+00
1.280730390978365385e+00 2.290219222799051479e+01 6.539880626287724041e+00
1.283421554497928607e+00 2.285694369678099847e+01 6.548923325130346917e+00
1.286113083312268923e+00 2.281184938689640873e+01 6.557962374166989683e+00
1.288804978014756131e+00 2.276690859662057420e+01 6.566997755668928960e+00
1.291497239199564495e+00 2.272212062793706266e+01 6.576029452031993294e+00
1.294189867461642107e+00 2.267748478650976551e+01 6.585057445775549745e+00
1.296882863396679131e+00 2.263300038166366335e+01 6.594081719541460274e+00
1.299576227601076717e+00 2.258866672636555251e+01 6.603102256093082545e+00
1.302269960671917692e+00 2.254448313720486752e+01 6.612119038314246744e+00
1.304964063206935254e+00 2.250044893437459947e+01 6.621132049208283021e+00
1.307658535804484545e+00 2.245656344165223217e+01 6.630141271897008970e+00
1.310353379063513346e+00 2.241282598638077417e+01 6.639146689619780162e+00
1.313048593583533652e+00 2.236923589944983704e+01 6.648148285732500717e+00
1.315744179964595473e+00 2.232579251527677755e+01 6.657146043706680949e+00
1.318440138807256190e+00 2.228249517178793226e+01 6.666139947128487897e+00
1.321136470712555910e+00 2.223934321039989825e+01 6.675129979697800309e+00
1.323833176281990154e+00 2.219633597600089203e+01 6.684116125227273386e+00
1.326530256117483431e+00 2.215347281693215464e+01 6.693098367641441726e+00
1.329227710821364816e+00 2.211075308496946334e+01 6.702076690975781403e+00
1.331925540996341306e+00 2.206817613530466105e+01 6.711051079375820905e+00
1.334623747245473169e+00 2.202574132652734917e+01 6.720021517096239627e+00
1.337322330172149965e+00 2.198344802060650238e+01 6.728987988499993911e+00
1.340021290380066565e+00 2.194129558287233195e+01 6.737950478057428860e+00
1.342720628473199396e+00 2.189928338199805324e+01 6.746908970345407930e+00
1.345420345055783118e+00 2.185741078998185216e+01 6.755863450046462937e+00
1.348120440732287539e+00 2.181567718212884088e+01 6.764813901947940522e+00
1.350820916107395187e+00 2.177408193703315575e+01 6.773760310941147722e+00
1.353521771785980654e+00 2.173262443656003740e+01 6.782702662020531292e+00
1.356223008373086625e+00 2.169130406582809911e+01 6.791640940282840155e+00
1.358924626473904107e+00 2.165012021319155977e+01 6.800575130926308276e+00
1.361626626693750675e+00 2.160907227022261878e+01 6.809505219249842867e+00
1.364329009638050705e+00 2.156815963169389505e+01 6.818431190652225915e+00
1.367031775912314062e+00 2.152738169556090142e+01 6.827353030631309494e+00
1.369734926122117447e+00 2.148673786294464350e+01 6.836270724783238606e+00
1.372438460873082855e+00 2.144622753811428240e+01 6.845184258801660704e+00
1.375142380770860262e+00 2.140585012846984014e+01 6.854093618476953864e+00
1.377846686421107414e+00 2.136560504452501874e+01 6.862998789695470059e+00
1.380551378429472953e+00 2.132549169989007609e+01 6.871899758438763328e+00
1.383256457401575323e+00 2.128550951125477653e+01 6.880796510782857034e+00
1.385961923942987450e+00 2.124565789837143726e+01 6.889689032897470256e+00
1.388667778659217866e+00 2.120593628403802100e+01 6.898577311045321458e+00
1.391374022155692503e+00 2.116634409408133877e+01 6.907461331581367325e+00
1.394080655037740257e+00 2.112688075734027038e+01 6.916341080952088660e+00
1.396787677910573677e+00 2.108754570564916264e+01 6.925216545694785175e+00
1.399495091379273193e+00 2.104833837382119199e+01 6.934087712436855178e+00
1.402202896048771352e+00 2.100925819963187635e+01 6.942954567895093909e+00
1.404911092523836835e+00 2.097030462380264737e+01 6.951817098875013201e+00
1.407619681409058909e+00 2.093147708998447598e+01 6.960675292270130043e+00
1.410328663308831221e+00 2.089277504474162228e+01 6.969529135061302227e+00
1.413038038827337584e+00 2.085419793753539608e+01 6.978378614316052442e+00
1.415747808568537103e+00 2.081574522070807376e+01 6.987223717187893257e+00
1.418457973136148631e+00 2.077741634946682936e+01 6.996064430915660104e+00
1.421168533133638778e+00 2.073921078186775446e+01 7.004900742822870896e+00
1.423879489164204371e+00 2.070112797879998112e+01 7.013732640317064337e+00
1.426590841830761791e+00 2.066316740396985807e+01 7.022560110889164875e+00
1.429302591735931660e+00 2.062532852388523352e+01 7.031383142112829887e+00
1.432014739482026622e+00 2.058761080783974506e+01 7.040201721643843058e+00
1.434727285671036690e+00 2.055001372789728720e+01 7.049015837219463343e+00
1.437440230904618588e+00 2.051253675887645755e+01 7.057825476657827224e+00
1.440153575784080653e+00 2.047517937833517365e+01 7.066630627857318991e+00
1.442867320910372175e+00 2.043794106655527187e+01 7.075431278795980106e+00
1.445581466884071409e+00 2.040082130652725567e+01 7.084227417530895465e+00
1.448296014305372248e+00 2.036381958393508640e+01 7.093019032197595664e+00
1.451010963774072904e+00 2.032693538714107362e+01 7.101806111009475231e+00
1.453726315889565246e+00 2.029016820717079739e+01 7.110588642257205549e+00
1.456442071250822146e+00 2.025351753769816554e+01 7.119366614308160202e+00
1.459158230456388372e+00 2.021698287503050295e+01 7.128140015605829660e+00
1.461874794104367492e+00 2.018056371809374383e+01 7.136908834669265289e+00
1.464591762792412100e+00 2.014425956841767018e+01 7.145673060092511797e+00
1.467309137117713380e+00 2.010806993012126043e+01 7.154432680544048573e+00
1.470026917676990452e+00 2.007199430989810551e+01 7.163187684766246122e+00
1.472745105066481264e+00 2.003603221700185344e+01 7.171938061574807399e+00
1.475463699881931268e+00 2.000018316323183498e+01 7.180683799858233129e+00
1.478182702718584318e+00 1.996444666291862902e+01 7.189424888577298667e+00
1.480902114171172901e+00 1.992882223290982324e+01 7.198161316764480233e+00
1.483621934833908806e+00 1.989330939255578912e+01 7.206893073523491289e+00
1.486342165300475138e+00 1.985790766369550298e+01 7.215620148028709657e+00
1.489062806164014319e+00 1.982261657064254834e+01 7.224342529524680145e+00
1.491783858017122322e+00 1.978743564017107914e+01 7.233060207325610946e+00
1.494505321451837787e+00 1.975236440150190731e+01 7.241773170814855831e+00
1.497227197059634696e+00 1.971740238628868980e+01 7.250481409444414993e+00
1.499949485431414375e+00 1.968254912860410499e+01 7.259184912734445660e+00
1.502672187157495065e+00 1.964780416492623161e+01 7.267883670272755836e+00
1.505395302827606363e+00 1.961316703412486717e+01 7.276577671714332674e+00
1.508118833030879458e+00 1.957863727744801352e+01 7.285266906780845986e+00
1.510842778355841798e+00 1.954421443850838358e+01 7.293951365260181952e+00
1.513567139390405769e+00 1.950989806327002896e+01 7.302631037005956394e+00
1.516291916721864697e+00 1.947568770003497818e+01 7.311305911937061808e+00
1.519017110936884185e+00 1.944158289942999218e+01 7.319975980037184193e+00
1.521742722621493904e+00 1.940758321439340506e+01 7.328641231354356300e+00
1.524468752361082924e+00 1.937368820016196125e+01 7.337301656000493999e+00
1.527195200740391057e+00 1.933989741425783038e+01 7.345957244150954857e+00
1.529922068343502195e+00 1.930621041647560432e+01 7.354607986044072732e+00
1.532649355753838538e+00 1.927262676886941506e+01 7.363253871980734111e+00
1.535377063554153043e+00 1.923914603574010940e+01 7.371894892323918924e+00
1.538105192326524762e+00 1.920576778362246984e+01 7.380531037498287539e+00
1.540833742652350846e+00 1.917249158127257047e+01 7.389162297989728678e+00
1.543562715112340777e+00 1.913931699965513644e+01 7.397788664344945531e+00
1.546292110286511479e+00 1.910624361193100640e+01 7.406410127171034752e+00
1.549021928754180433e+00 1.907327099344466248e+01 7.415026677135048594e+00
1.551752171093960353e+00 1.904039872171180647e+01 7.423638304963609436e+00
1.554482837883753854e+00 1.900762637640706032e+01 7.432245001442473686e+00
1.557213929700746791e+00 1.897495353935167017e+01 7.440846757416129442e+00
1.559945447121404261e+00 1.894237979450132769e+01 7.449443563787403022e+00
1.562677390721464388e+00 1.890990472793401622e+01 7.458035411517053959e+00
1.565409761075934325e+00 1.887752792783799194e+01 7.466622291623369989e+00
1.568142558759084038e+00 1.884524898449973662e+01 7.475204195181796685e+00
1.570875784344441195e+00 1.881306749029209158e+01 7.483781113324514678e+00
1.573609438404787619e+00 1.878098303966235605e+01 7.492353037240098601e+00
1.576343521512153734e+00 1.874899522912052774e+01 7.500919958173089874e+00
1.579078034237813899e+00 1.871710365722754688e+01 7.509481867423654755e+00
1.581812977152282418e+00 1.868530792458366818e+01 7.518038756347191764e+00
1.584548350825308205e+00 1.865360763381687192e+01 7.526590616353957763e+00
1.587284155825871235e+00 1.862200238957132115e+01 7.535137438908725116e+00
1.590020392722178766e+00 1.859049179849588995e+01 7.543679215530387339e+00
1.592757062081659347e+00 1.855907546923283746e+01 7.552215937791608269e+00
1.595494164470961040e+00 1.852775301240639294e+01 7.560747597318474789e+00
1.598231700455945647e+00 1.849652404061156474e+01 7.569274185790136222e+00
1.600969670601685602e+00 1.846538816840289599e+01 7.577795694938452620e+00
1.603708075472461081e+00 1.843434501228336231e+01 7.586312116547642148e+00
1.606446915631754901e+00 1.840339419069327676e+01 7.594823442453947138e+00
1.609186191642249186e+00 1.837253532399930123e+01 7.603329664545292133e+00
1.611925904065822701e+00 1.834176803448350057e+01 7.611830774760933949e+00
1.614666053463545969e+00 1.831109194633247483e+01 7.620326765091134824e+00
1.617406640395680384e+00 1.828050668562649150e+01 7.628817627576843563e+00
1.620147665421672212e+00 1.825001188032882027e+01 7.637303354309337600e+00
1.622889129100150596e+00 1.821960716027494698e+01 7.645783937429925459e+00
1.625631031988925113e+00 1.818929215716203629e+01 7.654259369129608359e+00
1.628373374644980887e+00 1.815906650453828775e+01 7.662729641648761358e+00
1.631116157624478369e+00 1.812892983779246947e+01 7.671194747276826043e+00
1.633859381482748230e+00 1.809888179414346965e+01 7.679654678351983677e+00
1.636603046774288917e+00 1.806892201262989062e+01 7.688109427260858553e+00
1.639347154052764211e+00 1.803905013409977087e+01 7.696558986438196470e+00
1.642091703871001229e+00 1.800926580120028220e+01 7.705003348366566307e+00
1.644836696780986873e+00 1.797956865836752272e+01 7.713442505576058039e+00
1.647582133333865828e+00 1.794995835181641652e+01 7.721876450643978096e+00
1.650328014079937233e+00 1.792043452953058846e+01 7.730305176194558037e+00
1.653074339568653350e+00 1.789099684125235257e+01 7.738728674898657900e+00
1.655821110348617564e+00 1.786164493847276447e+01 7.747146939473473104e+00
1.658568326967580164e+00 1.783237847442166668e+01 7.755559962682245789e+00
1.661315989972438123e+00 1.780319710405789735e+01 7.763967737333981489e+00
1.664064099909231986e+00 1.777410048405946341e+01 7.772370256283163137e+00
1.666812657323144098e+00 1.774508827281381684e+01 7.780767512429467736e+00
1.669561662758496823e+00 1.771616013040815929e+01 7.789159498717492802e+00
1.672311116758749661e+00 1.768731571861986396e+01 7.797546208136473034e+00
1.675061019866498579e+00 1.765855470090687618e+01 7.805927633720018299e+00
1.677811372623473130e+00 1.762987674239822056e+01 7.814303768545827644e+00
1.680562175570534889e+00 1.760128150988455786e+01 7.822674605735431719e+00
1.683313429247676796e+00 1.757276867180876323e+01 7.831040138453926325e+00
1.686065134194019821e+00 1.754433789825663936e+01 7.839400359909699745e+00
1.688817290947812966e+00 1.751598886094756935e+01 7.847755263354183164e+00
1.691569900046429487e+00 1.748772123322534711e+01 7.856104842081577111e+00
1.694322962026367785e+00 1.745953469004896519e+01 7.864449089428611650e+00
1.697076477423248964e+00 1.743142890798350564e+01 7.872787998774275486e+00
1.699830446771815273e+00 1.740340356519107345e+01 7.881121563539577934e+00
1.702584870605928113e+00 1.737545834142181533e+01 7.889449777187287793e+00
1.705339749458568255e+00 1.734759291800489933e+01 7.897772633221697980e+00
1.708095083861832952e+00 1.731980697783967926e+01 7.906090125188359075e+00
1.710850874346936612e+00 1.729210020538678094e+01 7.914402246673867936e+00
1.713607121444207460e+00 1.726447228665936606e+01 7.922708991305586146e+00
1.716363825683087985e+00 1.723692290921432502e+01 7.931010352751448167e+00
1.719120987592132943e+00 1.720945176214362249e+01 7.939306324719678010e+00
1.721878607699008468e+00 1.718205853606565015e+01 7.947596900958589394e+00
1.724636686530492513e+00 1.715474292311660420e+01 7.955882075256333508e+00
1.727395224612471303e+00 1.712750461694200510e+01 7.964161841440679623e+00
1.730154222469940217e+00 1.710034331268815322e+01 7.972436193378777958e+00
1.732913680627002018e+00 1.707325870699370540e+01 7.980705124976936737e+00
1.735673599606867734e+00 1.704625049798130831e+01 7.988968630180408148e+00
1.738433979931853335e+00 1.701931838524924601e+01 7.997226702973140533e+00
1.741194822123380392e+00 1.699246206986313723e+01 8.005479337377586546e+00
1.743956126701975196e+00 1.696568125434772512e+01 8.013726527454467785e+00
1.746717894187268083e+00 1.693897564267868106e+01 8.021968267302556299e+00
1.749480125097993222e+00 1.691234494027443702e+01 8.030204551058472973e+00
1.752242819951986830e+00 1.688578885398814222e+01 8.038435372896463704e+00
1.755005979266187621e+00 1.685930709209957712e+01 8.046660727028198679e+00
1.757769603556635474e+00 1.683289936430718470e+01 8.054880607702543216e+00
1.760533693338471206e+00 1.680656538172013015e+01 8.063095009205374808e+00
1.763298249125937689e+00 1.678030485685035345e+01 8.071303925859373507e+00
1.766063271432376514e+00 1.675411750360478536e+01 8.079507352023794553e+00
1.768828760770229325e+00 1.672800303727749593e+01 8.087705282094296066e+00
1.771594717651037598e+00 1.670196117454194606e+01 8.095897710502725886e+00
1.774361142585440865e+00 1.667599163344330293e+01 8.104084631716917286e+00
1.777128036083178486e+00 1.665009413339073063e+01 8.112266040240507792e+00
1.779895398653087879e+00 1.662426839514980159e+01 8.120441930612738446e+00
1.782663230803104515e+00 1.659851414083491861e+01 8.128612297408247755e+00
1.785431533040261476e+00 1.657283109390179021e+01 8.136777135236899383e+00
1.788200305870689677e+00 1.654721897913994155e+01 8.144936438743574314e+00
1.790969549799618532e+00 1.652167752266526435e+01 8.153090202608005654e+00
1.793739265331373733e+00 1.649620645191265567e+01 8.161238421544567245e+00
1.796509452969378584e+00 1.647080549562864960e+01 8.169381090302106685e+00
1.799280113216153776e+00 1.644547438386411997e+01 8.177518203663746377e+00
1.802051246573316723e+00 1.642021284796700087e+01 8.185649756446727210e+00
1.804822853541582894e+00 1.639502062057509946e+01 8.193775743502198949e+00
1.807594934620764260e+00 1.636989743560891242e+01 8.201896159715062140e+00
1.810367490309769289e+00 1.634484302826448499e+01 8.210011000003770931e+00
1.813140521106604064e+00 1.631985713500634105e+01 8.218120259320187415e+00
1.815914027508372275e+00 1.629493949356041327e+01 8.226223932649379122e+00
1.818688010011275002e+00 1.627008984290708327e+01 8.234322015009460927e+00
1.821462469110609828e+00 1.624530792327417217e+01 8.242414501451424513e+00
1.824237405300771941e+00 1.622059347613006253e+01 8.250501387058964298e+00
1.827012819075254813e+00 1.619594624417680961e+01 8.258582666948299789e+00
1.829788710926649742e+00 1.617136597134329179e+01 8.266658336268028151e+00
1.832565081346645419e+00 1.614685240277842126e+01 8.274728390198955452e+00
1.835341930826029699e+00 1.612240528484442947e+01 8.282792823953922579e+00
1.838119259854687826e+00 1.609802436511009560e+01 8.290851632777638258e+00
1.840897068921603985e+00 1.607370939234411367e+01 8.298904811946540505e+00
1.843675358514862417e+00 1.604946011650845250e+01 8.306952356768618984e+00
1.846454129121645860e+00 1.602527628875176546e+01 8.314994262583251583e+00
1.849233381228236439e+00 1.600115766140281792e+01 8.323030524761076521e+00
1.852013115320016778e+00 1.597710398796400533e+01 8.331061138703807600e+00
1.854793331881468887e+00 1.595311502310488372e+01 8.339086099844077893e+00
1.857574031396177050e+00 1.592919052265567714e+01 8.347105403645313615e+00
1.860355214346825159e+00 1.590533024360096093e+01 8.355119045601558270e+00
1.863136881215199159e+00 1.588153394407324548e+01 8.363127021237339420e+00
1.865919032482186823e+00 1.585780138334669331e+01 8.371129326107498159e+00
1.868701668627777757e+00 1.583413232183081831e+01 8.379125955797061209e+00
1.871484790131065390e+00 1.581052652106424183e+01 8.387116905921082832e+00
1.874268397470245429e+00 1.578698374370850210e+01 8.395102172124509821e+00
1.877052491122617406e+00 1.576350375354187783e+01 8.403081750082016299e+00
1.879837071564585793e+00 1.574008631545325620e+01 8.411055635497884708e+00
1.882622139271658668e+00 1.571673119543604535e+01 8.419023824105856590e+00
1.885407694718450600e+00 1.569343816058210273e+01 8.426986311668976271e+00
1.888193738378680875e+00 1.567020697907574167e+01 8.434943093979466511e+00
1.890980270725175938e+00 1.564703742018770072e+01 8.442894166858597060e+00
1.893767292229868726e+00 1.562392925426925672e+01 8.450839526156526560e+00
1.896554803363800001e+00 1.560088225274624918e+01 8.458779167752183525e+00
1.899342804597118350e+00 1.557789618811325916e+01 8.466713087553115358e+00
1.902131296399081295e+00 1.555497083392771884e+01 8.474641281495374656e+00
1.904920279238055736e+00 1.553210596480414551e+01 8.482563745543366451e+00
1.907709753581518175e+00 1.550930135640833285e+01 8.490480475689732742e+00
1.910499719896056714e+00 1.548655678545165060e+01 8.498391467955208611e+00
1.913290178647369721e+00 1.546387202968531405e+01 8.506296718388499656e+00
1.916081130300268276e+00 1.544124686789472456e+01 8.514196223066150537e+00
1.918872575318675722e+00 1.541868107989383496e+01 8.522089978092427742e+00
1.921664514165628335e+00 1.539617444651956468e+01 8.529977979599165039e+00
1.924456947303277987e+00 1.537372674962620422e+01 8.537860223745678212e+00
1.927249875192889927e+00 1.535133777207989603e+01 8.545736706718606968e+00
1.930043298294845666e+00 1.532900729775314019e+01 8.553607424731810127e+00
1.932837217068642532e+00 1.530673511151932864e+01 8.561472374026230625e+00
1.935631631972894562e+00 1.528452099924729879e+01 8.569331550869776493e+00
1.938426543465335161e+00 1.526236474779592456e+01 8.577184951557226711e+00
1.941221952002814666e+00 1.524026614500878019e+01 8.585032572410060681e+00
1.944017858041303004e+00 1.521822497970877919e+01 8.592874409776387168e+00
1.946814262035891030e+00 1.519624104169286305e+01 8.600710460030800419e+00
1.949611164440789191e+00 1.517431412172675387e+01 8.608540719574266475e+00
1.952408565709331301e+00 1.515244401153968568e+01 8.616365184834023694e+00
1.955206466293972323e+00 1.513063050381920682e+01 8.624183852263444194e+00
1.958004866646291253e+00 1.510887339220601255e+01 8.631996718341934383e+00
1.960803767216991123e+00 1.508717247128878292e+01 8.639803779574821263e+00
1.963603168455899661e+00 1.506552753659906685e+01 8.647605032493231647e+00
1.966403070811971299e+00 1.504393838460617516e+01 8.655400473654001559e+00
1.969203474733286718e+00 1.502240481271218897e+01 8.663190099639535902e+00
1.972004380667053747e+00 1.500092661924686155e+01 8.670973907057719643e+00
1.974805789059608907e+00 1.497950360346268361e+01 8.678751892541800572e+00
1.977607700356419196e+00 1.495813556552984203e+01 8.686524052750296931e+00
1.980410115002080085e+00 1.493682230653137033e+01 8.694290384366865965e+00
1.983213033440319517e+00 1.491556362845819450e+01 8.702050884100209771e+00
1.986016456113996576e+00 1.489435933420424973e+01 8.709805548683982934e+00
1.988820383465103481e+00 1.487320922756166652e+01 8.717554374876659296e+00
1.991624815934766923e+00 1.485211311321591054e+01 8.725297359461457347e+00
1.994429753963247620e+00 1.483107079674102735e+01 8.733034499246215887e+00
1.997235197989942090e+00 1.481008208459487108e+01 8.740765791063303425e+00
2.000041148453383322e+00 1.478914678411435624e+01 8.748491231769516929e+00
2.002847605791242103e+00 1.476826470351077703e+01 8.756210818245968142e+00
2.005654570440328133e+00 1.474743565186511418e+01 8.763924547398003639e+00
2.008462042836589578e+00 1.472665943912337205e+01 8.771632416155098255e+00
2.011270023415115737e+00 1.470593587609201691e+01 8.779334421470741390e+00
2.014078512610136595e+00 1.468526477443330691e+01 8.787030560322364181e+00
2.016887510855025045e+00 1.466464594666077126e+01 8.794720829711227594e+00
2.019697018582296888e+00 1.464407920613467695e+01 8.802405226662324722e+00
2.022507036223612609e+00 1.462356436705747775e+01 8.810083748224304401e+00
2.025317564209776933e+00 1.460310124446937152e+01 8.817756391469346866e+00
2.028128602970741490e+00 1.458268965424381491e+01 8.825423153493098027e+00
2.030940152935605258e+00 1.456232941308310380e+01 8.833084031414557558e+00
2.033752214532615010e+00 1.454202033851396969e+01 8.840739022375995404e+00
2.036564788189166197e+00 1.452176224888317968e+01 8.848388123542857642e+00
2.039377874331806062e+00 1.450155496335321814e+01 8.856031332103679432e+00
2.042191473386230527e+00 1.448139830189792931e+01 8.863668645269980217e+00
2.045005585777289525e+00 1.446129208529823096e+01 8.871300060276192667e+00
2.047820211928986112e+00 1.444123613513783511e+01 8.878925574379561425e+00
2.050635352264476907e+00 1.442123027379899547e+01 8.886545184860064950e+00
2.053451007206073431e+00 1.440127432445827260e+01 8.894158889020317815e+00
2.056267177175243877e+00 1.438136811108236479e+01 8.901766684185478340e+00
2.059083862592614000e+00 1.436151145842389809e+01 8.909368567703188191e+00
2.061901063877967122e+00 1.434170419201729629e+01 8.916964536943448039e+00
2.064718781450246343e+00 1.432194613817464557e+01 8.924554589298573148e+00
2.067537015727554550e+00 1.430223712398158931e+01 8.932138722183083246e+00
2.070355767127156188e+00 1.428257697729327624e+01 8.939716933033610147e+00
2.073175036065479038e+00 1.426296552673026063e+01 8.947289219308851571e+00
2.075994822958112884e+00 1.424340260167452143e+01 8.954855578489452128e+00
2.078815128219812625e+00 1.422388803226543352e+01 8.962416008077930485e+00
2.081635952264498268e+00 1.420442164939577978e+01 8.969970505598615418e+00
2.084457295505257157e+00 1.418500328470780580e+01 8.977519068597533902e+00
2.087279158354343078e+00 1.416563277058928882e+01 8.985061694642364927e+00
2.090101541223180259e+00 1.414630994016960663e+01 8.992598381322327583e+00
2.092924444522360261e+00 1.412703462731586335e+01 9.000129126248131328e+00
2.095747868661647306e+00 1.410780666662902938e+01 9.007653927051865850e+00
2.098571814049976503e+00 1.408862589344008498e+01 9.015172781386953105e+00
2.101396281095456509e+00 1.406949214380619928e+01 9.022685686928047843e+00
2.104221270205369532e+00 1.405040525450695554e+01 9.030192641370977213e+00
2.107046781786172218e+00 1.403136506304054443e+01 9.037693642432643060e+00
2.109872816243498317e+00 1.401237140762003541e+01 9.045188687850973963e+00
2.112699373982157347e+00 1.399342412716963757e+01 9.052677775384823988e+00
2.115526455406138595e+00 1.397452306132098165e+01 9.060160902813908734e+00
2.118354060918609783e+00 1.395566805040945013e+01 9.067638067938736057e+00
2.121182190921918842e+00 1.393685893547050192e+01 9.075109268580515476e+00
2.124010845817595250e+00 1.391809555823602373e+01 9.082574502581113762e+00
2.126840026006350470e+00 1.389937776113072587e+01 9.090033767802946585e+00
2.129669731888081063e+00 1.388070538726851666e+01 9.097487062128934099e+00
2.132499963861866465e+00 1.386207828044893908e+01 9.104934383462412129e+00
2.135330722325972541e+00 1.384349628515361097e+01 9.112375729727064666e+00
2.138162007677851584e+00 1.382495924654268116e+01 9.119811098866867027e+00
2.140993820314144536e+00 1.380646701045130698e+01 9.127240488845993482e+00
2.143826160630680544e+00 1.378801942338617614e+01 9.134663897648758635e+00
2.146659029022478737e+00 1.376961633252200912e+01 9.142081323279553473e+00
2.149492425883749114e+00 1.375125758569812007e+01 9.149492763762754777e+00
2.152326351607894761e+00 1.373294303141497075e+01 9.156898217142687812e+00
2.155160806587510969e+00 1.371467251883075278e+01 9.164297681483535740e+00
2.157995791214387893e+00 1.369644589775800014e+01 9.171691154869272111e+00
2.160831305879511444e+00 1.367826301866021232e+01 9.179078635403611131e+00
2.163667350973062398e+00 1.366012373264850410e+01 9.186460121209913510e+00
2.166503926884420839e+00 1.364202789147823758e+01 9.193835610431145611e+00
2.169341034002165269e+00 1.362397534754574657e+01 9.201205101229801286e+00
2.172178672714072611e+00 1.360596595388501662e+01 9.208568591787839708e+00
2.175016843407121758e+00 1.358799956416440580e+01 9.215926080306619639e+00
2.177855546467493131e+00 1.357007603268339047e+01 9.223277565006831935e+00
2.180694782280570010e+00 1.355219521436933228e+01 9.230623044128435595e+00
2.183534551230939424e+00 1.353435696477423278e+01 9.237962515930608021e+00
2.186374853702395260e+00 1.351656114007155729e+01 9.245295978691654426e+00
2.189215690077934706e+00 1.349880759705303390e+01 9.252623430708966978e+00
2.192057060739764474e+00 1.348109619312550223e+01 9.259944870298953745e+00
2.194898966069298574e+00 1.346342678630773726e+01 9.267260295796983627e+00
2.197741406447160983e+00 1.344579923522735854e+01 9.274569705557313526e+00
2.200584382253186533e+00 1.342821339911769307e+01 9.281873097953029728e+00
2.203427893866420462e+00 1.341066913781468628e+01 9.289170471375998162e+00
2.206271941665121528e+00 1.339316631175383776e+01 9.296461824236786242e+00
2.209116526026762006e+00 1.337570478196713175e+01 9.303747154964614907e+00
2.211961647328029468e+00 1.335828441008000134e+01 9.311026462007296445e+00
2.214807305944826776e+00 1.334090505830831042e+01 9.318299743831177651e+00
2.217653502252274311e+00 1.332356658945534456e+01 9.325566998921061668e+00
2.220500236624709967e+00 1.330626886690883559e+01 9.332828225780184894e+00
2.223347509435691371e+00 1.328901175463796491e+01 9.340083422930122836e+00
2.226195321057995891e+00 1.327179511719044491e+01 9.347332588910752804e+00
2.229043671863623288e+00 1.325461881968955602e+01 9.354575722280188188e+00
2.231892562223793508e+00 1.323748272783124413e+01 9.361812821614726943e+00
2.234741992508952002e+00 1.322038670788121806e+01 9.369043885508787639e+00
2.237591963088768399e+00 1.320333062667205049e+01 9.376268912574854397e+00
2.240442474332136946e+00 1.318631435160032161e+01 9.383487901443430701e+00
2.243293526607180066e+00 1.316933775062377165e+01 9.390700850762966567e+00
2.246145120281246577e+00 1.315240069225844977e+01 9.397907759199815914e+00
2.248997255720913913e+00 1.313550304557591097e+01 9.405108625438170833e+00
2.251849933291991235e+00 1.311864468020039709e+01 9.412303448180020737e+00
2.254703153359517653e+00 1.310182546630606559e+01 9.419492226145081304e+00
2.257556916287763560e+00 1.308504527461421674e+01 9.426674958070755395e+00
2.260411222440233292e+00 1.306830397639052066e+01 9.433851642712062002e+00
2.263266072179664690e+00 1.305160144344230311e+01 9.441022278841595394e+00
2.266121465868032647e+00 1.303493754811579741e+01 9.448186865249475375e+00
2.268977403866546005e+00 1.301831216329345686e+01 9.455345400743286888e+00
2.271833886535651992e+00 1.300172516239126352e+01 9.462497884148010741e+00
2.274690914235036665e+00 1.298517641935602818e+01 9.469644314306007615e+00
2.277548487323624471e+00 1.296866580866274887e+01 9.476784690076932804e+00
2.280406606159581795e+00 1.295219320531195706e+01 9.483919010337706013e+00
2.283265271100315630e+00 1.293575848482709922e+01 9.491047273982447408e+00
2.286124482502475797e+00 1.291936152325189369e+01 9.498169479922426106e+00
2.288984240721955832e+00 1.290300219714776020e+01 9.505285627086017541e+00
2.291844546113894765e+00 1.288668038359120338e+01 9.512395714418646619e+00
2.294705399032676230e+00 1.287039596017127074e+01 9.519499740882739758e+00
2.297566799831931572e+00 1.285414880498697165e+01 9.526597705457675147e+00
2.300428748864539852e+00 1.283793879664474957e+01 9.533689607139722355e+00
2.303291246482628729e+00 1.282176581425595252e+01 9.540775444942010353e+00
2.306154293037577130e+00 1.280562973743430355e+01 9.547855217894474222e+00
2.309017888880013469e+00 1.278953044629343339e+01 9.554928925043780552e+00
2.311882034359819649e+00 1.277346782144435444e+01 9.561996565453318553e+00
2.314746729826130167e+00 1.275744174399302722e+01 9.569058138203125452e+00
2.317611975627332566e+00 1.274145209553788405e+01 9.576113642389843861e+00
2.320477772111071868e+00 1.272549875816738307e+01 9.583163077126672036e+00
2.323344119624248361e+00 1.270958161445759949e+01 9.590206441543315918e+00
2.326211018513019368e+00 1.269370054746978482e+01 9.597243734785960712e+00
2.329078469122800588e+00 1.267785544074797777e+01 9.604274956017185616e+00
2.331946471798267861e+00 1.266204617831662205e+01 9.611300104415953172e+00
2.334815026883356737e+00 1.264627264467818257e+01 9.618319179177536427e+00
2.337684134721265128e+00 1.263053472481077755e+01 9.625332179513486963e+00
2.340553795654452429e+00 1.261483230416586032e+01 9.632339104651585160e+00
2.343424010024642179e+00 1.259916526866584263e+01 9.639339953835801111e+00
2.346294778172822060e+00 1.258353350470181553e+01 9.646334726326221798e+00
2.349166100439246119e+00 1.256793689913120460e+01 9.653323421399040427e+00
2.352037977163434768e+00 1.255237533927549798e+01 9.660306038346492485e+00
2.354910408684175671e+00 1.253684871291796021e+01 9.667282576476809552e+00
2.357783395339525079e+00 1.252135690830135140e+01 9.674253035114178445e+00
2.360656937466810046e+00 1.250589981412569252e+01 9.681217413598698585e+00
2.363531035402627101e+00 1.249047731954599527e+01 9.688175711286335812e+00
2.366405689482845354e+00 1.247508931417004874e+01 9.695127927548872648e+00
2.369280900042606497e+00 1.245973568805619536e+01 9.702074061773869218e+00
2.372156667416325249e+00 1.244441633171112649e+01 9.709014113364624166e+00
2.375032991937692906e+00 1.242913113608768683e+01 9.715948081740117814e+00
2.377909873939674679e+00 1.241387999258268415e+01 9.722875966334987297e+00
2.380787313754513246e+00 1.239866279303473817e+01 9.729797766599455500e+00
2.383665311713729640e+00 1.238347942972211158e+01 9.736713481999320408e+00
2.386543868148123249e+00 1.236832979536056776e+01 9.743623112015892929e+00
2.389422983387773591e+00 1.235321378310123563e+01 9.750526656145950710e+00
2.392302657762040763e+00 1.233813128652848512e+01 9.757424113901715046e+00
2.395182891599566766e+00 1.232308219965783103e+01 9.764315484810785151e+00
2.398063685228276398e+00 1.230806641693381742e+01 9.771200768416118621e+00
2.400945038975378587e+00 1.229308383322795706e+01 9.778079964275960378e+00
2.403826953167367275e+00 1.227813434383661928e+01 9.784953071963842675e+00
2.406709428130021422e+00 1.226321784447901031e+01 9.791820091068510479e+00
2.409592464188407668e+00 1.224833423129508603e+01 9.798681021193875296e+00
2.412476061666880334e+00 1.223348340084353758e+01 9.805535861959011612e+00
2.415360220889082310e+00 1.221866525009974858e+01 9.812384612998078737e+00
2.418244942177946388e+00 1.220387967645378424e+01 9.819227273960297708e+00
2.421130225855696150e+00 1.218912657770838415e+01 9.826063844509906886e+00
2.424016072243847741e+00 1.217440585207696202e+01 9.832894324326124647e+00
2.426902481663208988e+00 1.215971739818163755e+01 9.839718713103101422e+00
2.429789454433881168e+00 1.214506111505124686e+01 9.846537010549889501e+00
2.432676990875262568e+00 1.213043690211938497e+01 9.853349216390393295e+00
2.435565091306044483e+00 1.211584465922246423e+01 9.860155330363339132e+00
2.438453756044216991e+00 1.210128428659776567e+01 9.866955352222230857e+00
2.441342985407066735e+00 1.208675568488151164e+01 9.873749281735307193e+00
2.444232779711179138e+00 1.207225875510695090e+01 9.880537118685507991e+00
2.447123139272439296e+00 1.205779339870243483e+01 9.887318862870438707e+00
2.450014064406034198e+00 1.204335951748954869e+01 9.894094514102322435e+00
2.452905555426449613e+00 1.202895701368120385e+01 9.900864072207960831e+00
2.455797612647476313e+00 1.201458578987975834e+01 9.907627537028707465e+00
2.458690236382208294e+00 1.200024574907516595e+01 9.914384908420416309e+00
2.461583426943042774e+00 1.198593679464311634e+01 9.921136186253411537e+00
2.464477184641683749e+00 1.197165883034317524e+01 9.927881370412446671e+00
2.467371509789140216e+00 1.195741176031696895e+01 9.934620460796667274e+00
2.470266402695729724e+00 1.194319548908634765e+01 9.941353457319573650e+00
2.473161863671078375e+00 1.192900992155157169e+01 9.948080359908981762e+00
2.476057893024120382e+00 1.191485496298950153e+01 9.954801168506985931e+00
2.478954491063100729e+00 1.190073051905181600e+01 9.961515883069930410e+00
2.481851658095576063e+00 1.188663649576322179e+01 9.968224503568341888e+00
2.484749394428413805e+00 1.187257279951966105e+01 9.974927029986938365e+00
2.487647700367796588e+00 1.185853933708657060e+01 9.981623462324561658e+00
2.490546576219218711e+00 1.184453601559710201e+01 9.988313800594148972e+00
2.493446022287491459e+00 1.183056274255040563e+01 9.994998044822681393e+00
2.496346038876740892e+00 1.181661942580985425e+01 1.000167619505117678e+01
2.499246626290409612e+00 1.180270597360134843e+01 1.000834825133463113e+01
2.502147784831259880e+00 1.178882229451158281e+01 1.001501421374199552e+01
2.505049514801370947e+00 1.177496829748633544e+01 1.002167408235612100e+01
2.507951816502142162e+00 1.176114389182877851e+01 1.002832785727375153e+01
2.510854690234293862e+00 1.174734898719778187e+01 1.003497553860544933e+01
2.513758136297866486e+00 1.173358349360623620e+01 1.004161712647560734e+01
2.516662154992225897e+00 1.171984732141936725e+01 1.004825262102237105e+01
2.519566746616059394e+00 1.170614038135309443e+01 1.005488202239763140e+01
2.522471911467377925e+00 1.169246258447235931e+01 1.006150533076696796e+01
2.525377649843519201e+00 1.167881384218949314e+01 1.006812254630962578e+01
2.528283962041146360e+00 1.166519406626257727e+01 1.007473366921849234e+01
2.531190848356250633e+00 1.165160316879381064e+01 1.008133869970003005e+01
2.534098309084150014e+00 1.163804106222789336e+01 1.008793763797427978e+01
2.537006344519491918e+00 1.162450765935043684e+01 1.009453048427478628e+01
2.539914954956254078e+00 1.161100287328632241e+01 1.010111723884860702e+01
2.542824140687744539e+00 1.159752661749815772e+01 1.010769790195623585e+01
2.545733902006603433e+00 1.158407880578465310e+01 1.011427247387160122e+01
2.548644239204802986e+00 1.157065935227907261e+01 1.012084095488201463e+01
2.551555152573649288e+00 1.155726817144766017e+01 1.012740334528813690e+01
2.554466642403783183e+00 1.154390517808807459e+01 1.013395964540395688e+01
2.557378708985180715e+00 1.153057028732784772e+01 1.014050985555674167e+01
2.560291352607154014e+00 1.151726341462284964e+01 1.014705397608701887e+01
2.563204573558352628e+00 1.150398447575573968e+01 1.015359200734852863e+01
2.566118372126763525e+00 1.149073338683446011e+01 1.016012394970819166e+01
2.569032748599713312e+00 1.147751006429070664e+01 1.016664980354608971e+01
2.571947703263868679e+00 1.146431442487841856e+01 1.017316956925542115e+01
2.574863236405236844e+00 1.145114638567230614e+01 1.017968324724245832e+01
2.577779348309166441e+00 1.143800586406631581e+01 1.018619083792654578e+01
2.580696039260348407e+00 1.142489277777218248e+01 1.019269234174003280e+01
2.583613309542817760e+00 1.141180704481793917e+01 1.019918775912825737e+01
2.586531159439954486e+00 1.139874858354644793e+01 1.020567709054951600e+01
