sr b Me
0.000000000000000000e+00 8.952055009500716665e+01 2.603756337472646454e+00
9.905053508214831798e-03 8.891839086147456328e+01 2.604173115519140769e+00
2.133770070542837308e-02 8.762937873875519301e+01 2.606146644909233423e+00
3.522253351235036384e-02 8.620607955541578349e+01 2.610040328311998614e+00
5.091374665212330952e-02 8.469822154346910281e+01 2.616133342386512073e+00
6.804898184878985234e-02 8.312926059676179591e+01 2.624631401314355905e+00
8.640138593434229519e-02 8.151462975665738497e+01 2.635687752919074089e+00
1.058130297378509499e-01 7.986601435893632583e+01 2.649413178958882842e+00
1.261656799418419683e-01 7.819299768733846179e+01 2.665881508487957685e+00
1.473662709917387681e-01 7.650382481520705369e+01 2.685133265295470917e+00
1.693388973635911732e-01 7.480579350920791626e+01 2.707178548581915756e+00
1.920200398481926307e-01 7.310546484009674373e+01 2.731999653222362046e+00
2.153555422686928289e-01 7.140877938640393552e+01 2.759553663622378306e+00
2.392986007285560490e-01 6.972112199544920941e+01 2.789775114117092780e+00
2.638083688109779112e-01 6.804735847645493152e+01 2.822578730709083494e+00
2.888489521788777936e-01 6.639185770358170657e+01 2.857862225475441775e+00
3.143886569115632579e-01 6.475850715617242770e+01 2.895509092907032844e+00
3.403994074339273812e-01 6.315072669309080311e+01 2.935391349478099876e+00
3.668562805341282207e-01 6.157148332847202710e+01 2.977372159188085732e+00
3.937371208867799233e-01 6.002330845010693139e+01 3.021308295258859467e+00
4.210222155065756477e-01 5.850831804095030719e+01 3.067052398982705430e+00
4.486940123103044242e-01 5.702823588519243003e+01 3.114455008877222486e+00
4.767368730096882001e-01 5.558441937583464920e+01 3.163366345322641049e+00
5.051368538359790605e-01 5.417788733268957913e+01 3.213637846723021330e+00
5.338815097088918105e-01 5.280934914593428431e+01 3.265123462347938155e+00
5.629597188007595676e-01 5.147923454813531663e+01 3.317680714114648932e+00
5.923615252763160255e-01 5.018772336104064635e+01 3.371171544654575136e+00
6.220779984890429937e-01 4.893477464170059932e+01 3.425462972235672865e+00
6.521011072088237492e-01 4.772015474946768165e+01 3.480427574747875230e+00
6.824236076249312610e-01 4.654346395893801258e+01 3.535943825310670086e+00
7.130389439673461283e-01 4.540416134522037339e+01 3.591896301439824857e+00
7.439411606525608844e-01 4.430158776122198816e+01 3.648175788401375907e+00
7.751248249083665387e-01 4.323498680849872500e+01 3.704679295630842528e+00
8.065849588774641754e-01 4.220352377200418204e+01 3.761310003105491351e+00
8.383169802479416566e-01 4.120630254450870211e+01 3.817977152482993297e+00
8.703166505118263840e-01 4.024238060920225735e+01 3.874595895773869536e+00
9.025800300110129459e-01 3.931078218024948256e+01 3.931087112376278725e+00
9.351034389917133316e-01 3.841050962234449173e+01 3.987377203519193891e+00
9.678834239525165861e-01 3.754055328325601693e+01 4.043397871559649026e+00
1.000916728635527608e+00 3.669989987953150035e+01 4.099085890172013968e+00
1.034200269073345169e+00 3.588753957642614978e+01 4.154382870249653692e+00
1.067731112165599905e+00 3.510247190003662610e+01 4.209235025302357158e+00
1.101506457316500986e+00 3.434371061366379507e+01 4.263592939261577008e+00
1.135523620718674298e+00 3.361028768252945298e+01 4.317411338883075267e+00
1.169780021918167989e+00 3.290125644187305909e+01 4.370648872344814251e+00
1.204273172340685205e+00 3.221569407374320804e+01 4.423267895159115781e+00
1.239000665499877751e+00 3.155270348790784141e+01 4.475234264136295437e+00
1.273960168645052127e+00 3.091141469258388241e+01 4.526517139835719128e+00
1.309149415638091396e+00 3.029098573134332284e+01 4.577088797706932333e+00
1.344566200878081208e+00 2.969060325375149390e+01 4.626924447945983232e+00
1.380208374117327219e+00 2.910948277912739712e+01 4.676002063959650457e+00
1.416073836034509759e+00 2.854686870533688747e+01 4.724302219234117750e+00
1.452160534449913554e+00 2.800203410773679735e+01 4.771807932338403724e+00
1.488466461084354542e+00 2.747428036729231593e+01 4.818504519748517012e+00
1.524989648777833606e+00 2.696293666144105572e+01 4.864379456152693848e+00
1.561728169096398666e+00 2.646735934645656840e+01 4.909422241885186722e+00
1.598680130266388000e+00 2.598693125581018037e+01 4.953624277134045961e+00
1.635843675384429208e+00 2.552106093530062481e+01 4.996978742573625176e+00
1.673216980859418612e+00 2.506918183247310949e+01 5.039480486082728916e+00
1.710798255049458039e+00 2.463075145502122965e+01 5.081125915223647205e+00
1.748585737062442469e+00 2.420525051042057996e+01 5.121912895173675651e+00
1.786577695693905676e+00 2.379218203693915967e+01 5.161840651817938941e+00
1.824772428479880304e+00 2.339107053435905925e+01 5.200909679730523649e+00
1.863168260846063351e+00 2.300146110119298370e+01 5.239121654788990057e+00
1.901763545337596284e+00 2.262291858386636179e+01 5.276479351184055311e+00
1.940556660916277654e+00 2.225502674220594912e+01 5.312986562603511764e+00
1.979546012314207903e+00 2.189738743463470172e+01 5.348648027384265369e+00
2.018730029434659734e+00 2.154961982566869949e+01 5.383469357441120984e+00
2.058107166792513709e+00 2.121135961763887678e+01 5.417456970794387594e+00
2.097675902987883312e+00 2.088225830800497107e+01 5.450618027529895215e+00
2.137434740207638573e+00 2.056198247315483130e+01 5.482960369036745440e+00
2.177382203750457101e+00 2.025021307920387059e+01 5.514492460377385719e+00
2.217516841571794295e+00 1.994664481998802330e+01 5.545223335653884256e+00
2.257837223845798214e+00 1.965098548218624686e+01 5.575162546242331985e+00
2.298341942541739513e+00 1.936295533730396201e+01 5.604320111773995805e+00
2.339029611012971799e+00 1.908228656007658230e+01 5.632706473748869236e+00
2.379898863596805469e+00 1.880872267272776810e+01 5.660332451672451803e+00
2.420948355223988546e+00 1.854201801441349673e+01 5.687209201611785225e+00
2.462176761036745543e+00 1.828193723510540636e+01 5.713348177071750023e+00
2.503582776014529720e+00 1.802825481311507971e+01 5.738761092096222427e+00
2.545165114606827483e+00 1.778075459542387904e+01 5.763459886502478646e+00
2.586922510372479778e+00 1.753922935995487364e+01 5.787456693161050048e+00
2.628853715625121712e+00 1.730348039891624268e+01 5.810763807235800549e+00
2.670957501084409547e+00 1.707331712234195820e+01 5.833393657302115010e+00
2.713232655532805460e+00 1.684855668096144043e+01 5.855358778263602737e+00
2.755677985477725134e+00 1.662902360754081243e+01 5.876671785990363439e+00
2.798292314818926485e+00 1.641454947585632240e+01 5.897345353604032780e+00
2.841074484521028065e+00 1.620497257648131750e+01 5.917392189337049579e+00
2.884023352291095854e+00 1.600013760858973555e+01 5.936825015895945690e+00
2.927137792261250038e+00 1.579989538700541374e+01 5.955656551260340770e+00
2.970416694676254465e+00 1.560410256375591764e+01 5.973899490851281691e+00
3.013858965586068361e+00 1.541262136341488542e+01 5.991566491004602923e+00
3.057463526543349186e+00 1.522531933154453654e+01 6.008670153687187820e+00
3.101229314305898654e+00 1.504206909558123151e+01 6.025223012395528599e+00
3.145155280544031040e+00 1.486274813753625779e+01 6.041237519177906634e+00
3.189240391552875753e+00 1.468723857790828724e+01 6.056726032723723563e+00
3.233483627969588881e+00 1.451542697023662676e+01 6.071700807464887717e+00
3.277883984495472802e+00 1.434720410574559857e+01 6.086173983636623319e+00
3.322440469622984782e+00 1.418246482756410920e+01 6.100157578246085066e+00
3.367155004184497979e+00 1.410140534749001517e+01 6.106966521340400966e+00
